Vertex Count: 264

Data:

-760.688 0 2155.62 -146.052 -195.695 0 1 -0
-389.218 0 2155.62 -108.905 -195.695 0 1 -0
-389.218 0 1174.65 -108.905 -97.5976 0 1 -0
-760.688 0 2155.62 -146.052 -195.695 0 1 -0
-389.218 0 1174.65 -108.905 -97.5976 0 1 -0
-760.688 0 1174.65 -146.052 -97.5976 0 1 -0
-389.218 0 2155.62 -108.905 -195.695 0 1 -0
704.832 0 2155.62 0.5 -195.695 0 1 -0
704.832 0 1174.65 0.5 -97.5976 0 1 -0
-389.218 0 2155.62 -108.905 -195.695 0 1 -0
704.832 0 1174.65 0.5 -97.5976 0 1 -0
-389.218 0 1174.65 -108.905 -97.5976 0 1 -0
704.832 0 2155.62 0.5 -195.695 0 1 -0
1437.59 0 2155.62 73.7759 -195.695 0 1 -0
1437.59 0 1174.65 73.776 -97.5977 0 1 -0
704.832 0 2155.62 0.5 -195.695 0 1 -0
1437.59 0 1174.65 73.776 -97.5977 0 1 -0
704.832 0 1174.65 0.5 -97.5976 0 1 -0
1437.59 0 2155.62 73.7759 -195.695 0 1 -0
2170.35 0 2155.62 147.052 -195.695 0 1 -0
2170.35 0 1174.65 147.052 -97.5977 0 1 -0
1437.59 0 2155.62 73.7759 -195.695 0 1 -0
2170.35 0 1174.65 147.052 -97.5977 0 1 -0
1437.59 0 1174.65 73.776 -97.5977 0 1 -0
-760.688 0 1174.65 -146.052 -97.5976 0 1 -0
-389.218 0 1174.65 -108.905 -97.5976 0 1 -0
-389.218 0 193.67 -108.905 0.5 0 1 -0
-760.688 0 1174.65 -146.052 -97.5976 0 1 -0
-389.218 0 193.67 -108.905 0.5 0 1 -0
-760.688 0 193.67 -146.052 0.5 0 1 -0
-389.218 0 1174.65 -108.905 -97.5976 0 1 -0
704.832 0 1174.65 0.5 -97.5976 0 1 -0
704.832 0 193.67 0.5 0.5 0 1 -0
-389.218 0 1174.65 -108.905 -97.5976 0 1 -0
704.832 0 193.67 0.5 0.5 0 1 -0
-389.218 0 193.67 -108.905 0.5 0 1 -0
704.832 0 1174.65 0.5 -97.5976 0 1 -0
1437.59 0 1174.65 73.776 -97.5977 0 1 -0
1437.59 0 193.67 73.776 0.5 0 1 -0
704.832 0 1174.65 0.5 -97.5976 0 1 -0
1437.59 0 193.67 73.776 0.5 0 1 -0
704.832 0 193.67 0.5 0.5 0 1 -0
1437.59 0 1174.65 73.776 -97.5977 0 1 -0
2170.35 0 1174.65 147.052 -97.5977 0 1 -0
2170.35 0 193.67 147.052 0.5 0 1 -0
1437.59 0 1174.65 73.776 -97.5977 0 1 -0
2170.35 0 193.67 147.052 0.5 0 1 -0
1437.59 0 193.67 73.776 0.5 0 1 -0
-760.688 0 193.67 -146.052 0.5 0 1 -0
-389.218 0 193.67 -108.905 0.5 0 1 -0
-389.218 0 -787.307 -108.905 98.5977 0 1 -0
-760.688 0 193.67 -146.052 0.5 0 1 -0
-389.218 0 -787.307 -108.905 98.5977 0 1 -0
-760.688 0 -787.307 -146.052 98.5977 0 1 -0
-389.218 0 193.67 -108.905 0.5 0 1 -0
704.832 0 193.67 0.5 0.5 0 1 -0
704.832 0 -787.307 0.5 98.5976 0 1 -0
-389.218 0 193.67 -108.905 0.5 0 1 -0
704.832 0 -787.307 0.5 98.5976 0 1 -0
-389.218 0 -787.307 -108.905 98.5977 0 1 -0
704.832 0 193.67 0.5 0.5 0 1 -0
1437.59 0 193.67 73.776 0.5 0 1 -0
1437.59 0 -787.307 73.776 98.5976 0 1 -0
704.832 0 193.67 0.5 0.5 0 1 -0
1437.59 0 -787.307 73.776 98.5976 0 1 -0
704.832 0 -787.307 0.5 98.5976 0 1 -0
1437.59 0 193.67 73.776 0.5 0 1 -0
2170.35 0 193.67 147.052 0.5 0 1 -0
2170.35 0 -787.307 147.052 98.5976 0 1 -0
1437.59 0 193.67 73.776 0.5 0 1 -0
2170.35 0 -787.307 147.052 98.5976 0 1 -0
1437.59 0 -787.307 73.776 98.5976 0 1 -0
-760.688 0 -787.307 -146.052 98.5977 0 1 -0
-389.218 0 -787.307 -108.905 98.5977 0 1 -0
-389.218 0 -1768.28 -108.905 196.695 0 1 -0
-760.688 0 -787.307 -146.052 98.5977 0 1 -0
-389.218 0 -1768.28 -108.905 196.695 0 1 -0
-760.688 0 -1768.28 -146.052 196.695 0 1 -0
-389.218 0 -787.307 -108.905 98.5977 0 1 -0
704.832 0 -787.307 0.5 98.5976 0 1 -0
704.832 0 -1768.28 0.5 196.695 0 1 -0
-389.218 0 -787.307 -108.905 98.5977 0 1 -0
704.832 0 -1768.28 0.5 196.695 0 1 -0
-389.218 0 -1768.28 -108.905 196.695 0 1 -0
704.832 0 -787.307 0.5 98.5976 0 1 -0
1437.59 0 -787.307 73.776 98.5976 0 1 -0
1437.59 0 -1768.28 73.776 196.695 0 1 -0
704.832 0 -787.307 0.5 98.5976 0 1 -0
1437.59 0 -1768.28 73.776 196.695 0 1 -0
704.832 0 -1768.28 0.5 196.695 0 1 -0
1437.59 0 -787.307 73.776 98.5976 0 1 -0
2170.35 0 -787.307 147.052 98.5976 0 1 -0
2170.35 0 -1768.28 147.052 196.695 0 1 -0
1437.59 0 -787.307 73.776 98.5976 0 1 -0
2170.35 0 -1768.28 147.052 196.695 0 1 -0
1437.59 0 -1768.28 73.776 196.695 0 1 -0
-760.688 828.385 2155.62 -146.052 -195.695 0 -1 -0
-760.688 828.385 1728.47 -146.052 -152.98 0 -1 -0
-389.218 828.385 1728.47 -108.905 -152.98 0 -1 -0
-760.688 828.385 2155.62 -146.052 -195.695 0 -1 -0
-389.218 828.385 1728.47 -108.905 -152.98 0 -1 -0
-389.218 828.385 2155.62 -108.905 -195.695 0 -1 -0
-389.218 828.385 2155.62 -108.905 -195.695 0 -1 -0
-389.218 828.385 1728.47 -108.905 -152.98 0 -1 -0
704.832 828.385 1728.47 0.5 -152.98 0 -1 -0
-389.218 828.385 2155.62 -108.905 -195.695 0 -1 -0
704.832 828.385 1728.47 0.5 -152.98 0 -1 -0
704.832 828.385 2155.62 0.5 -195.695 0 -1 -0
704.832 828.385 2155.62 0.5 -195.695 0 -1 -0
704.832 828.385 1728.47 0.5 -152.98 0 -1 -0
1788.3 828.385 1728.47 108.847 -152.98 0 -1 -0
704.832 828.385 2155.62 0.5 -195.695 0 -1 -0
1788.3 828.385 1728.47 108.847 -152.98 0 -1 -0
1788.3 828.385 2155.62 108.847 -195.695 0 -1 -0
1788.3 828.385 2155.62 108.847 -195.695 0 -1 -0
1788.3 828.385 1728.47 108.847 -152.98 0 -1 -0
2170.35 828.385 1728.47 147.052 -152.98 0 -1 -0
1788.3 828.385 2155.62 108.847 -195.695 0 -1 -0
2170.35 828.385 1728.47 147.052 -152.98 0 -1 -0
2170.35 828.385 2155.62 147.052 -195.695 0 -1 -0
-760.688 828.385 1728.47 -146.052 -152.98 0 -1 -0
-760.688 828.385 193.67 -146.052 0.5 0 -1 -0
-389.218 828.385 193.67 -108.905 0.5 0 -1 -0
-760.688 828.385 1728.47 -146.052 -152.98 0 -1 -0
-389.218 828.385 193.67 -108.905 0.5 0 -1 -0
-389.218 828.385 1728.47 -108.905 -152.98 0 -1 -0
1788.3 828.385 1728.47 108.847 -152.98 0 -1 -0
1788.3 828.385 193.67 108.847 0.5 0 -1 -0
2170.35 828.385 193.67 147.052 0.5 0 -1 -0
1788.3 828.385 1728.47 108.847 -152.98 0 -1 -0
2170.35 828.385 193.67 147.052 0.5 0 -1 -0
2170.35 828.385 1728.47 147.052 -152.98 0 -1 -0
-760.688 828.385 193.67 -146.052 0.5 0 -1 -0
-760.688 828.385 -1351.8 -146.052 155.047 0 -1 -0
-389.218 828.385 -1351.8 -108.905 155.047 0 -1 -0
-760.688 828.385 193.67 -146.052 0.5 0 -1 -0
-389.218 828.385 -1351.8 -108.905 155.047 0 -1 -0
-389.218 828.385 193.67 -108.905 0.5 0 -1 -0
1788.3 828.385 193.67 108.847 0.5 0 -1 -0
1788.3 828.385 -1351.8 108.847 155.046 0 -1 -0
2170.35 828.385 -1351.8 147.052 155.046 0 -1 -0
1788.3 828.385 193.67 108.847 0.5 0 -1 -0
2170.35 828.385 -1351.8 147.052 155.046 0 -1 -0
2170.35 828.385 193.67 147.052 0.5 0 -1 -0
-760.688 828.385 -1351.8 -146.052 155.047 0 -1 -0
-760.688 828.385 -1768.28 -146.052 196.695 0 -1 -0
-389.218 828.385 -1768.28 -108.905 196.695 0 -1 -0
-760.688 828.385 -1351.8 -146.052 155.047 0 -1 -0
-389.218 828.385 -1768.28 -108.905 196.695 0 -1 -0
-389.218 828.385 -1351.8 -108.905 155.047 0 -1 -0
-389.218 828.385 -1351.8 -108.905 155.047 0 -1 -0
-389.218 828.385 -1768.28 -108.905 196.695 0 -1 -0
704.832 828.385 -1768.28 0.5 196.695 0 -1 -0
-389.218 828.385 -1351.8 -108.905 155.047 0 -1 -0
704.832 828.385 -1768.28 0.5 196.695 0 -1 -0
704.832 828.385 -1351.8 0.5 155.046 0 -1 -0
704.832 828.385 -1351.8 0.5 155.046 0 -1 -0
704.832 828.385 -1768.28 0.5 196.695 0 -1 -0
1788.3 828.385 -1768.28 108.847 196.695 0 -1 -0
704.832 828.385 -1351.8 0.5 155.046 0 -1 -0
1788.3 828.385 -1768.28 108.847 196.695 0 -1 -0
1788.3 828.385 -1351.8 108.847 155.046 0 -1 -0
1788.3 828.385 -1351.8 108.847 155.046 0 -1 -0
1788.3 828.385 -1768.28 108.847 196.695 0 -1 -0
2170.35 828.385 -1768.28 147.052 196.695 0 -1 -0
1788.3 828.385 -1351.8 108.847 155.046 0 -1 -0
2170.35 828.385 -1768.28 147.052 196.695 0 -1 -0
2170.35 828.385 -1351.8 147.052 155.046 0 -1 -0
-760.688 0 2155.62 -146.052 -195.695 0 0 -1
-760.688 828.385 2155.62 -146.052 -195.695 0 0 -1
-389.218 828.385 2155.62 -108.905 -195.695 0 0 -1
-760.688 0 2155.62 -146.052 -195.695 0 0 -1
-389.218 828.385 2155.62 -108.905 -195.695 0 0 -1
-389.218 0 2155.62 -108.905 -195.695 0 0 -1
-389.218 0 2155.62 -108.905 -195.695 0 0 -1
-389.218 828.385 2155.62 -108.905 -195.695 0 0 -1
704.832 828.385 2155.62 0.5 -195.695 0 0 -1
-389.218 0 2155.62 -108.905 -195.695 0 0 -1
704.832 828.385 2155.62 0.5 -195.695 0 0 -1
704.832 0 2155.62 0.5 -195.695 0 0 -1
704.832 0 2155.62 0.5 -195.695 0 0 -1
704.832 828.385 2155.62 0.5 -195.695 0 0 -1
1788.3 828.385 2155.62 108.847 -195.695 0 0 -1
704.832 0 2155.62 0.5 -195.695 0 0 -1
1788.3 828.385 2155.62 108.847 -195.695 0 0 -1
1437.59 0 2155.62 73.7759 -195.695 0 0 -1
1437.59 0 2155.62 73.7759 -195.695 0 0 -1
1788.3 828.385 2155.62 108.847 -195.695 0 0 -1
2170.35 828.385 2155.62 147.052 -195.695 0 0 -1
1437.59 0 2155.62 73.7759 -195.695 0 0 -1
2170.35 828.385 2155.62 147.052 -195.695 0 0 -1
2170.35 0 2155.62 147.052 -195.695 0 0 -1
2170.35 0 2155.62 147.052 -195.695 -1 0 -0
2170.35 828.385 2155.62 147.052 -195.695 -1 0 -0
2170.35 828.385 1728.47 147.052 -152.98 -1 0 -0
2170.35 0 2155.62 147.052 -195.695 -1 0 -0
2170.35 828.385 1728.47 147.052 -152.98 -1 0 -0
2170.35 0 1174.65 147.052 -97.5977 -1 0 -0
2170.35 0 1174.65 147.052 -97.5977 -1 0 -0
2170.35 828.385 1728.47 147.052 -152.98 -1 0 -0
2170.35 828.385 193.67 147.052 0.5 -1 0 -0
2170.35 0 1174.65 147.052 -97.5977 -1 0 -0
2170.35 828.385 193.67 147.052 0.5 -1 0 -0
2170.35 0 193.67 147.052 0.5 -1 0 -0
2170.35 0 193.67 147.052 0.5 -1 0 -0
2170.35 828.385 193.67 147.052 0.5 -1 0 -0
2170.35 828.385 -1351.8 147.052 155.046 -1 0 -0
2170.35 0 193.67 147.052 0.5 -1 0 -0
2170.35 828.385 -1351.8 147.052 155.046 -1 0 -0
2170.35 0 -787.307 147.052 98.5976 -1 0 -0
2170.35 0 -787.307 147.052 98.5976 -1 0 -0
2170.35 828.385 -1351.8 147.052 155.046 -1 0 -0
2170.35 828.385 -1768.28 147.052 196.695 -1 0 -0
2170.35 0 -787.307 147.052 98.5976 -1 0 -0
2170.35 828.385 -1768.28 147.052 196.695 -1 0 -0
2170.35 0 -1768.28 147.052 196.695 -1 0 -0
2170.35 0 -1768.28 147.052 196.695 0 0 1
2170.35 828.385 -1768.28 147.052 196.695 0 0 1
1788.3 828.385 -1768.28 108.847 196.695 0 0 1
2170.35 0 -1768.28 147.052 196.695 0 0 1
1788.3 828.385 -1768.28 108.847 196.695 0 0 1
1437.59 0 -1768.28 73.776 196.695 0 0 1
1437.59 0 -1768.28 73.776 196.695 0 0 1
1788.3 828.385 -1768.28 108.847 196.695 0 0 1
704.832 828.385 -1768.28 0.5 196.695 0 0 1
1437.59 0 -1768.28 73.776 196.695 0 0 1
704.832 828.385 -1768.28 0.5 196.695 0 0 1
704.832 0 -1768.28 0.5 196.695 0 0 1
704.832 0 -1768.28 0.5 196.695 0 0 1
704.832 828.385 -1768.28 0.5 196.695 0 0 1
-389.218 828.385 -1768.28 -108.905 196.695 0 0 1
704.832 0 -1768.28 0.5 196.695 0 0 1
-389.218 828.385 -1768.28 -108.905 196.695 0 0 1
-389.218 0 -1768.28 -108.905 196.695 0 0 1
-389.218 0 -1768.28 -108.905 196.695 0 0 1
-389.218 828.385 -1768.28 -108.905 196.695 0 0 1
-760.688 828.385 -1768.28 -146.052 196.695 0 0 1
-389.218 0 -1768.28 -108.905 196.695 0 0 1
-760.688 828.385 -1768.28 -146.052 196.695 0 0 1
-760.688 0 -1768.28 -146.052 196.695 0 0 1
-760.688 0 -1768.28 -146.052 196.695 1 0 -0
-760.688 828.385 -1768.28 -146.052 196.695 1 0 -0
-760.688 828.385 -1351.8 -146.052 155.047 1 0 -0
-760.688 0 -1768.28 -146.052 196.695 1 0 -0
-760.688 828.385 -1351.8 -146.052 155.047 1 0 -0
-760.688 0 -787.307 -146.052 98.5977 1 0 -0
-760.688 0 -787.307 -146.052 98.5977 1 0 -0
-760.688 828.385 -1351.8 -146.052 155.047 1 0 -0
-760.688 828.385 193.67 -146.052 0.5 1 0 -0
-760.688 0 -787.307 -146.052 98.5977 1 0 -0
-760.688 828.385 193.67 -146.052 0.5 1 0 -0
-760.688 0 193.67 -146.052 0.5 1 0 -0
-760.688 0 193.67 -146.052 0.5 1 0 -0
-760.688 828.385 193.67 -146.052 0.5 1 0 -0
-760.688 828.385 1728.47 -146.052 -152.98 1 0 -0
-760.688 0 193.67 -146.052 0.5 1 0 -0
-760.688 828.385 1728.47 -146.052 -152.98 1 0 -0
-760.688 0 1174.65 -146.052 -97.5976 1 0 -0
-760.688 0 1174.65 -146.052 -97.5976 1 0 -0
-760.688 828.385 1728.47 -146.052 -152.98 1 0 -0
-760.688 828.385 2155.62 -146.052 -195.695 1 0 -0
-760.688 0 1174.65 -146.052 -97.5976 1 0 -0
-760.688 828.385 2155.62 -146.052 -195.695 1 0 -0
-760.688 0 2155.62 -146.052 -195.695 1 0 -0
