Vertex Count: 36

Data:

-1 -1 1 0 0 -0.57735 -0.57735 0.57735
1 -1 1 0 0 0.57735 -0.57735 0.57735
1 1 1 0 0 0.57735 0.57735 0.57735
-1 -1 1 0 0 -0.57735 -0.57735 0.57735
1 1 1 0 0 0.57735 0.57735 0.57735
-1 1 1 0 0 -0.57735 0.57735 0.57735
-1 -1 1 0 0 -0.57735 -0.57735 0.57735
-1 -1 -1 0 0 -0.57735 -0.57735 -0.57735
1 -1 -1 0 0 0.57735 -0.57735 -0.57735
-1 -1 1 0 0 -0.57735 -0.57735 0.57735
1 -1 -1 0 0 0.57735 -0.57735 -0.57735
1 -1 1 0 0 0.57735 -0.57735 0.57735
-1 1 1 0 0 -0.57735 0.57735 0.57735
-1 1 -1 0 0 -0.57735 0.57735 -0.57735
-1 -1 -1 0 0 -0.57735 -0.57735 -0.57735
-1 1 1 0 0 -0.57735 0.57735 0.57735
-1 -1 -1 0 0 -0.57735 -0.57735 -0.57735
-1 -1 1 0 0 -0.57735 -0.57735 0.57735
1 1 1 0 0 0.57735 0.57735 0.57735
1 1 -1 0 0 0.57735 0.57735 -0.57735
-1 1 -1 0 0 -0.57735 0.57735 -0.57735
1 1 1 0 0 0.57735 0.57735 0.57735
-1 1 -1 0 0 -0.57735 0.57735 -0.57735
-1 1 1 0 0 -0.57735 0.57735 0.57735
1 -1 1 0 0 0.57735 -0.57735 0.57735
1 -1 -1 0 0 0.57735 -0.57735 -0.57735
1 1 -1 0 0 0.57735 0.57735 -0.57735
1 -1 1 0 0 0.57735 -0.57735 0.57735
1 1 -1 0 0 0.57735 0.57735 -0.57735
1 1 1 0 0 0.57735 0.57735 0.57735
-1 1 -1 0 0 -0.57735 0.57735 -0.57735
1 1 -1 0 0 0.57735 0.57735 -0.57735
1 -1 -1 0 0 0.57735 -0.57735 -0.57735
-1 1 -1 0 0 -0.57735 0.57735 -0.57735
1 -1 -1 0 0 0.57735 -0.57735 -0.57735
-1 -1 -1 0 0 -0.57735 -0.57735 -0.57735
