Vertex Count: 666

Data:

-1.7486 3.36597 -2.06604 0.786357 0.994831 -0.999999 -0.001104 0
-1.7486 3.36597 2.36055 0.57943 0.994884 -0.999999 -0.001104 0
-1.75462 8.81672 2.34567 0.579768 0.715418 -0.999999 -0.001104 0
-1.75462 8.81672 2.34567 0.579768 0.715418 -0.999999 -0.001104 0
-1.75462 8.81672 -2.05116 0.785661 0.715387 -0.999999 -0.001104 0
-1.7486 3.36597 -2.06604 0.786357 0.994831 -0.999999 -0.001104 0
1.75742 8.81672 -2.05116 0.191643 0.716479 -0 0 -1
-1.75462 8.81672 -2.05116 0.009483 0.716599 -0 0 -1
0.001399 10.7648 -2.05116 0.100437 0.616066 -0 0 -1
1.7514 3.36597 -2.06604 0.191169 0.995926 0.999999 -0.001104 -0
1.75742 8.81672 -2.05116 0.191643 0.716479 0.999999 -0.001104 -0
1.75742 8.81672 2.34567 0.39754 0.715735 0.999999 -0.001104 -0
1.75742 8.81672 2.34567 0.39754 0.715735 0.999999 -0.001104 -0
1.7514 3.36597 2.36055 0.398143 0.995168 0.999999 -0.001104 -0
1.7514 3.36597 -2.06604 0.191169 0.995926 0.999999 -0.001104 -0
-1.86952 8.66849 -2.17709 0.387139 0.417691 -1 0 0
-1.86952 8.66849 2.47161 0.387139 0.202899 -1 0 0
-1.86952 8.76849 2.47161 0.392318 0.202899 -1 0 0
-1.86952 8.76849 2.47161 0.392318 0.202899 -1 0 0
-1.86952 8.76849 -2.1771 0.392318 0.417691 -1 0 0
-1.86952 8.66849 -2.17709 0.387139 0.417691 -1 0 0
1.87232 8.66849 -2.1771 0.699646 0.419064 1 0 -0
1.87232 8.76849 -2.1771 0.694455 0.419064 1 0 -0
1.87232 8.76849 2.47161 0.694455 0.203753 1 0 -0
1.87232 8.76849 2.47161 0.694455 0.203753 1 0 -0
1.87232 8.66849 2.47161 0.699646 0.203753 1 0 -0
1.87232 8.66849 -2.1771 0.699646 0.419064 1 0 -0
1.87232 8.66849 2.47161 0.691899 0.196331 0 0 1
1.87232 8.76849 2.47161 0.691899 0.200136 0 0 1
0.0014 10.8648 2.47161 0.543903 0.200136 0 0 1
0.0014 10.8648 2.47161 0.543903 0.200136 0 -0 1
0.001399 10.7648 2.47161 0.543903 0.196331 0 -0 1
1.87232 8.66849 2.47161 0.691899 0.196331 0 -0 1
0.001399 10.7648 2.47161 0.545054 0.194798 0.74214 -0.662361 -0.102497
-1.86952 8.66849 2.47161 0.397488 0.194798 0.74214 -0.662361 -0.102497
-1.75462 8.81672 2.34567 0.406395 0.189261 0.74214 -0.662361 -0.102497
-1.75462 8.81672 2.34567 0.406395 0.189261 0.742765 -0.669552 0
0.0014 10.7648 2.34567 0.544946 0.189113 0.742765 -0.669552 0
0.001399 10.7648 2.47161 0.545054 0.194798 0.742765 -0.669552 0
-1.86952 8.76849 2.47161 0.396952 0.202608 -0.746069 0.665868 0
0.0014 10.8648 2.47161 0.54424 0.202608 -0.746069 0.665868 0
0.001399 10.8648 -2.1771 0.54424 0.420022 -0.746069 0.665868 0
0.001399 10.8648 -2.1771 0.54424 0.420022 -0.746069 0.665868 0
-1.86952 8.76849 -2.1771 0.396952 0.420022 -0.746069 0.665868 0
-1.86952 8.76849 2.47161 0.396952 0.202608 -0.746069 0.665868 0
1.87232 8.66849 -2.1771 0.695972 0.428646 -0 0 -1
0.001399 10.7648 -2.1771 0.544481 0.427812 -0 0 -1
0.001399 10.8648 -2.1771 0.544163 0.422044 -0 0 -1
0.001399 10.8648 -2.1771 0.544163 0.422044 -0 0 -1
1.87232 8.76849 -2.1771 0.692015 0.422877 -0 0 -1
1.87232 8.66849 -2.1771 0.695972 0.428646 -0 0 -1
1.87232 8.66849 -2.1771 0.695949 0.430507 -0.738281 -0.665509 0.109723
1.75742 8.81672 -2.05116 0.68439 0.43722 -0.738281 -0.665509 0.109723
0.001399 10.7648 -2.05116 0.543851 0.437072 -0.738281 -0.665509 0.109723
0.001399 10.7648 -2.05116 0.543851 0.437072 -0.746069 -0.665868 0
0.001399 10.7648 -2.1771 0.543851 0.429608 -0.746069 -0.665868 0
1.87232 8.66849 -2.1771 0.695949 0.430507 -0.746069 -0.665868 0
0.001399 10.8648 -2.1771 0.544163 0.422044 -1e-006 0 -1
0.001399 10.7648 -2.1771 0.544481 0.427812 -1e-006 0 -1
-1.86952 8.66849 -2.17709 0.392989 0.428646 -1e-006 0 -1
-1.86952 8.66849 -2.17709 0.392989 0.428646 2.7e-005 -2.4e-005 -1
-1.86952 8.76849 -2.1771 0.396947 0.422877 2.7e-005 -2.4e-005 -1
0.001399 10.8648 -2.1771 0.544163 0.422044 2.7e-005 -2.4e-005 -1
1.87232 8.76849 2.47161 0.691528 0.202608 0.746069 0.665868 -0
1.87232 8.76849 -2.1771 0.691528 0.420022 0.746069 0.665868 -0
0.001399 10.8648 -2.1771 0.54424 0.420022 0.746069 0.665868 -0
0.001399 10.8648 -2.1771 0.54424 0.420022 0.746069 0.665869 -0
0.0014 10.8648 2.47161 0.54424 0.202608 0.746069 0.665869 -0
1.87232 8.76849 2.47161 0.691528 0.202608 0.746069 0.665869 -0
-1.86952 8.66849 2.47161 0.397735 0.196331 0 0 1
0.001399 10.7648 2.47161 0.543903 0.196331 0 0 1
0.0014 10.8648 2.47161 0.543903 0.200136 0 0 1
0.0014 10.8648 2.47161 0.543903 0.200136 0 0 1
-1.86952 8.76849 2.47161 0.397735 0.200136 0 0 1
-1.86952 8.66849 2.47161 0.397735 0.196331 0 0 1
1.75742 8.81672 2.34567 0.68367 0.189113 -0.74214 -0.662363 -0.102492
1.87232 8.66849 2.47161 0.692513 0.194646 -0.74214 -0.662363 -0.102492
0.001399 10.7648 2.47161 0.545054 0.194798 -0.74214 -0.662363 -0.102492
0.001399 10.7648 2.47161 0.545054 0.194798 -0.742765 -0.669552 -1.3e-005
0.0014 10.7648 2.34567 0.544946 0.189113 -0.742765 -0.669552 -1.3e-005
1.75742 8.81672 2.34567 0.68367 0.189113 -0.742765 -0.669552 -1.3e-005
-1.75462 8.81672 -2.05116 0.37157 0.414622 0.790352 -0.612653 -0
-1.75462 8.81672 2.34567 0.37157 0.210842 0.790352 -0.612653 -0
-1.86952 8.66849 2.47161 0.383069 0.204095 0.790352 -0.612653 -0
-1.86952 8.66849 2.47161 0.383069 0.204095 0.790351 -0.612655 -0
-1.86952 8.66849 -2.17709 0.383069 0.420019 0.790351 -0.612655 -0
-1.75462 8.81672 -2.05116 0.37157 0.414622 0.790351 -0.612655 -0
1.75742 8.81672 2.34567 0.714028 0.209851 -0.790352 -0.612653 0
1.75742 8.81672 -2.05116 0.714028 0.413428 -0.790352 -0.612653 0
1.87232 8.66849 -2.1771 0.703157 0.41882 -0.790352 -0.612653 0
1.87232 8.66849 -2.1771 0.703157 0.41882 -0.79035 -0.612656 0
1.87232 8.66849 2.47161 0.703157 0.204456 -0.79035 -0.612656 0
1.75742 8.81672 2.34567 0.714028 0.209851 -0.79035 -0.612656 0
0.001399 10.7648 -2.05116 0.543851 0.437072 0.738281 -0.665509 0.109721
-1.75462 8.81672 -2.05116 0.402372 0.437386 0.738281 -0.665509 0.109721
-1.86952 8.66849 -2.17709 0.393244 0.429922 0.738281 -0.665509 0.109721
-1.86952 8.66849 -2.17709 0.393244 0.429922 0.746069 -0.665869 -0
0.001399 10.7648 -2.1771 0.543851 0.429608 0.746069 -0.665869 -0
0.001399 10.7648 -2.05116 0.543851 0.437072 0.746069 -0.665869 -0
1.7514 3.36597 -2.06604 0.199295 0.558921 0 -1 0
1.7514 3.36597 2.36055 0.38741 0.558921 0 -1 0
-1.7486 3.36597 2.36055 0.38741 0.706546 0 -1 0
-1.7486 3.36597 2.36055 0.38741 0.706546 0 -1 0
-1.7486 3.36597 -2.06604 0.199295 0.706546 0 -1 0
1.7514 3.36597 -2.06604 0.199295 0.558921 0 -1 0
-1.75462 8.81672 2.34567 0.579768 0.715418 0 0.00273 0.999996
-1.7486 3.36597 2.36055 0.57943 0.994884 0 0.00273 0.999996
1.7514 3.36597 2.36055 0.398143 0.995168 0 0.00273 0.999996
1.7514 3.36597 2.36055 0.398143 0.995168 0 0.00273 0.999996
1.75742 8.81672 2.34567 0.39754 0.715735 0 0.00273 0.999996
-1.75462 8.81672 2.34567 0.579768 0.715418 0 0.00273 0.999996
0.505217 2.64759 -2.71479 0.663615 0.00789398 0.17504 0.009279 -0.984518
1.84782 2.64759 -2.07937 0.74957 0.00791401 0.645549 0.01151 -0.763632
1.86879 -0.003098 -2.10159 0.749699 0.161541 0.645859 0.009882 -0.763393
1.86879 -0.003098 -2.10159 0.749699 0.161541 0.645859 0.009882 -0.763393
0.509442 -0.003098 -2.7385 0.663103 0.161463 0.17446 0.008941 -0.984624
0.505217 2.64759 -2.71479 0.663615 0.00789398 0.17504 0.009279 -0.984518
1.86879 -0.003098 -2.10159 0.749699 0.161541 0.645859 0.009882 -0.763393
1.84782 2.64759 -2.07937 0.74957 0.00791401 0.645549 0.01151 -0.763632
2.69946 2.64759 -0.858341 0.833914 0.00786901 0.939834 0.012318 -0.341409
2.69946 2.64759 -0.858341 0.833914 0.00786901 0.939834 0.012318 -0.341409
2.72211 -0.003098 -0.866537 0.83416 0.161626 0.937204 0.010983 -0.348609
1.86879 -0.003098 -2.10159 0.749699 0.161541 0.645859 0.009882 -0.763393
2.19488 2.64759 1.97298 0.991858 0.00777 0.764835 0.009085 0.644162
2.2133 -0.003098 1.98849 0.992184 0.161395 0.764835 0.009085 0.644162
2.8502 -0.003098 0.629144 0.913458 0.161514 0.98512 0.008105 0.171674
2.8502 -0.003098 0.629144 0.913458 0.161514 0.98512 0.008105 0.171674
2.8265 2.64759 0.624919 0.913889 0.00783098 0.984488 0.0076 0.175288
2.19488 2.64759 1.97298 0.991858 0.00777 0.764835 0.009085 0.644162
0.982052 -0.003098 2.84727 0.085576 0.160789 0.340286 0.009084 0.940278
2.2133 -0.003098 1.98849 0.005309 0.160787 0.764835 0.009085 0.644162
2.19488 2.64759 1.97298 0.00576 0.00770801 0.764835 0.009085 0.644162
2.19488 2.64759 1.97298 0.00576 0.00770801 0.764835 0.009085 0.644162
0.973857 2.64759 2.82462 0.085696 0.00770998 0.340349 0.009085 0.940255
0.982052 -0.003098 2.84727 0.085576 0.160789 0.340286 0.009084 0.940278
-1.87297 -0.003098 2.33846 0.256291 0.160833 -0.644126 0.009142 0.764865
-0.513629 -0.003098 2.97536 0.169913 0.160794 -0.175494 0.009169 0.984438
-0.508533 2.64645 2.95159 0.169948 0.00778198 -0.175294 0.009112 0.984474
-0.508533 2.64645 2.95159 0.169948 0.00778198 -0.175294 0.009112 0.984474
-1.85746 2.64759 2.32004 0.256296 0.00775498 -0.6441 0.009085 0.764887
-1.87297 -0.003098 2.33846 0.256291 0.160833 -0.644126 0.009142 0.764865
-1.87297 -0.003098 2.33846 0.256291 0.160833 -0.644126 0.009142 0.764865
-1.85746 2.64759 2.32004 0.256296 0.00775498 -0.6441 0.009085 0.764887
-2.70911 2.64759 1.09901 0.340554 0.007815 -0.940278 0.009085 0.340286
-2.70911 2.64759 1.09901 0.340554 0.007815 -0.940278 0.009085 0.340286
-2.73175 -0.003098 1.10721 0.340636 0.160893 -0.940278 0.009085 0.340286
-1.87297 -0.003098 2.33846 0.256291 0.160833 -0.644126 0.009142 0.764865
-2.85985 -0.003098 -0.388471 0.420719 0.160912 -0.984448 0.009085 -0.175443
-2.73175 -0.003098 1.10721 0.340636 0.160893 -0.940278 0.009085 0.340286
-2.70911 2.64759 1.09901 0.340554 0.007815 -0.940278 0.009085 0.340286
-2.70911 2.64759 1.09901 0.340554 0.007815 -0.940278 0.009085 0.340286
-2.83614 2.64759 -0.384246 0.420656 0.007833 -0.984448 0.009085 -0.175443
-2.85985 -0.003098 -0.388471 0.420719 0.160912 -0.984448 0.009085 -0.175443
-2.85985 -0.003098 -0.388471 0.420719 0.160912 -0.984448 0.009085 -0.175443
-2.83614 2.64759 -0.384246 0.420656 0.007833 -0.984448 0.009085 -0.175443
-2.20452 2.64759 -1.7323 0.498605 0.00769103 -0.764835 0.009085 -0.644162
-2.20452 2.64759 -1.7323 0.498605 0.00769103 -0.764835 0.009085 -0.644162
-2.22294 -0.003098 -1.74782 0.498542 0.161315 -0.764835 0.009085 -0.644162
-2.85985 -0.003098 -0.388471 0.420719 0.160912 -0.984448 0.009085 -0.175443
-2.20452 2.64759 -1.7323 0.498605 0.00769103 -0.764835 0.009085 -0.644162
-0.983499 2.64759 -2.58395 0.579031 0.00781703 -0.340745 0.008443 -0.940118
-0.991694 -0.003098 -2.60659 0.578264 0.161353 -0.341428 0.008915 -0.939865
-0.991694 -0.003098 -2.60659 0.578264 0.161353 -0.341428 0.008915 -0.939865
-2.22294 -0.003098 -1.74782 0.498542 0.161315 -0.764835 0.009085 -0.644162
-2.20452 2.64759 -1.7323 0.498605 0.00769103 -0.764835 0.009085 -0.644162
-1.01725 2.73815 -2.6772 0.348286 0.352845 -0.28959 0.525189 -0.800196
-2.28038 2.73815 -1.79619 0.333322 0.436608 -0.65089 0.525189 -0.548195
-0.004821 3.89304 0.120337 0.182504 0.364326 0 1 -0
-0.004821 3.89304 0.120337 0.182504 0.364326 0 1 -0
0.51716 2.73815 -2.80861 0.318752 0.272362 0.149305 0.525189 -0.837785
-1.01725 2.73815 -2.6772 0.348286 0.352845 -0.28959 0.525189 -0.800196
-0.004821 3.89304 0.120337 0.182504 0.364326 0 1 -0
2.79271 2.73815 -0.892089 0.167934 0.203379 0.800196 0.525189 -0.28959
1.9117 2.73815 -2.15522 0.252597 0.21816 0.548195 0.525189 -0.650891
1.9117 2.73815 -2.15522 0.252597 0.21816 0.548195 0.525189 -0.650891
0.51716 2.73815 -2.80861 0.318752 0.272362 0.149305 0.525189 -0.837785
-0.004821 3.89304 0.120337 0.182504 0.364326 0 1 -0
-0.004821 3.89304 0.120337 0.182504 0.364326 0 1 -0
2.27073 2.73815 2.03686 0.031685 0.297822 0.650891 0.525189 0.548195
2.92413 2.73815 0.642318 0.086815 0.23212 0.837785 0.525189 0.149305
2.92413 2.73815 0.642318 0.086815 0.23212 0.837785 0.525189 0.149305
2.79271 2.73815 -0.892089 0.167934 0.203379 0.800196 0.525189 -0.28959
-0.004821 3.89304 0.120337 0.182504 0.364326 0 1 -0
-0.004821 3.89304 0.120337 0.182504 0.364326 0 1 -0
-0.526803 2.73815 3.04929 0.046255 0.46123 -0.149306 0.525189 0.837785
1.0076 2.73815 2.91787 0.016722 0.381586 0.28959 0.525189 0.800196
1.0076 2.73815 2.91787 0.016722 0.381586 0.28959 0.525189 0.800196
2.27073 2.73815 2.03686 0.031685 0.297822 0.650891 0.525189 0.548195
-0.004821 3.89304 0.120337 0.182504 0.364326 0 1 -0
-0.004821 3.89304 0.120337 0.182504 0.364326 0 1 -0
-2.80236 2.73815 1.13276 0.197074 0.530213 -0.800196 0.525189 0.28959
-1.92134 2.73815 2.39589 0.112411 0.515451 -0.548195 0.525189 0.65089
-1.92134 2.73815 2.39589 0.112411 0.515451 -0.548195 0.525189 0.65089
-0.526803 2.73815 3.04929 0.046255 0.46123 -0.149306 0.525189 0.837785
-0.004821 3.89304 0.120337 0.182504 0.364326 0 1 -0
-0.004821 3.89304 0.120337 0.182504 0.364326 0 1 -0
-2.28038 2.73815 -1.79619 0.333322 0.436608 -0.65089 0.525189 -0.548195
-2.93377 2.73815 -0.401645 0.278193 0.501472 -0.837786 0.525188 -0.149305
-2.93377 2.73815 -0.401645 0.278193 0.501472 -0.837786 0.525188 -0.149305
-2.80236 2.73815 1.13276 0.197074 0.530213 -0.800196 0.525189 0.28959
-0.004821 3.89304 0.120337 0.182504 0.364326 0 1 -0
-1.01725 2.73815 -2.6772 0.678534 0.174474 -0.28959 0.525189 -0.800196
0.51716 2.73815 -2.80861 0.757535 0.174474 0.149305 0.525189 -0.837785
0.51716 2.64759 -2.80861 0.757535 0.1808 0.17545 0 -0.984488
0.51716 2.64759 -2.80861 0.757535 0.1808 0.17545 0 -0.984488
-1.01725 2.64759 -2.6772 0.678534 0.1808 -0.3403 0 -0.940317
-1.01725 2.73815 -2.6772 0.678534 0.174474 -0.28959 0.525189 -0.800196
0.51716 2.64759 -2.80861 0.757535 0.1808 0.17545 0 -0.984488
0.51716 2.73815 -2.80861 0.757535 0.174474 0.149305 0.525189 -0.837785
1.9117 2.73815 -2.15522 0.838969 0.174474 0.548195 0.525189 -0.650891
1.9117 2.73815 -2.15522 0.838969 0.174474 0.548195 0.525189 -0.650891
1.9117 2.64759 -2.15522 0.838969 0.1808 0.644188 0 -0.764867
0.51716 2.64759 -2.80861 0.757535 0.1808 0.17545 0 -0.984488
1.9117 2.73815 -2.15522 0.838969 0.174474 0.548195 0.525189 -0.650891
2.79271 2.73815 -0.892089 0.921615 0.174474 0.800196 0.525189 -0.28959
2.79271 2.64759 -0.892089 0.921615 0.1808 0.940317 0 -0.3403
2.79271 2.64759 -0.892089 0.921615 0.1808 0.940317 0 -0.3403
1.9117 2.64759 -2.15522 0.838969 0.1808 0.644188 0 -0.764867
1.9117 2.73815 -2.15522 0.838969 0.174474 0.548195 0.525189 -0.650891
2.79271 2.64759 -0.892089 0.006416 0.1808 0.940317 0 -0.3403
2.79271 2.73815 -0.892089 0.006416 0.174474 0.800196 0.525189 -0.28959
2.92413 2.73815 0.642318 0.085418 0.174474 0.837785 0.525189 0.149305
2.92413 2.73815 0.642318 0.085418 0.174474 0.837785 0.525189 0.149305
2.92413 2.64759 0.642318 0.085418 0.1808 0.984488 0 0.17545
2.79271 2.64759 -0.892089 0.006416 0.1808 0.940317 0 -0.3403
2.92413 2.73815 0.642318 0.085418 0.174474 0.837785 0.525189 0.149305
2.27073 2.73815 2.03686 0.159559 0.174474 0.650891 0.525189 0.548195
2.27073 2.64759 2.03686 0.159559 0.1808 0.764867 0 0.644188
2.27073 2.64759 2.03686 0.159559 0.1808 0.764867 0 0.644188
2.92413 2.64759 0.642318 0.085418 0.1808 0.984488 0 0.17545
2.92413 2.73815 0.642318 0.085418 0.174474 0.837785 0.525189 0.149305
2.27073 2.64759 2.03686 0.159559 0.1808 0.764867 0 0.644188
2.27073 2.73815 2.03686 0.159559 0.174474 0.650891 0.525189 0.548195
1.0076 2.73815 2.91787 0.233697 0.174474 0.28959 0.525189 0.800196
1.0076 2.73815 2.91787 0.233697 0.174474 0.28959 0.525189 0.800196
1.0076 2.64759 2.91787 0.233697 0.1808 0.3403 0 0.940317
2.27073 2.64759 2.03686 0.159559 0.1808 0.764867 0 0.644188
1.0076 2.73815 2.91787 0.233697 0.174474 0.28959 0.525189 0.800196
-0.526803 2.73815 3.04929 0.310266 0.174474 -0.149306 0.525189 0.837785
-0.526803 2.64759 3.04929 0.310266 0.1808 -0.175451 0 0.984488
-0.526803 2.64759 3.04929 0.310266 0.1808 -0.175451 0 0.984488
1.0076 2.64759 2.91787 0.233697 0.1808 0.3403 0 0.940317
1.0076 2.73815 2.91787 0.233697 0.174474 0.28959 0.525189 0.800196
-0.526803 2.64759 3.04929 0.310266 0.1808 -0.175451 0 0.984488
-0.526803 2.73815 3.04929 0.310266 0.174474 -0.149306 0.525189 0.837785
-1.92134 2.73815 2.39589 0.388052 0.174474 -0.548195 0.525189 0.65089
-1.92134 2.73815 2.39589 0.388052 0.174474 -0.548195 0.525189 0.65089
-1.92134 2.64759 2.39589 0.388052 0.1808 -0.644189 0 0.764867
-0.526803 2.64759 3.04929 0.310266 0.1808 -0.175451 0 0.984488
-1.92134 2.73815 2.39589 0.388052 0.174474 -0.548195 0.525189 0.65089
-2.80236 2.73815 1.13276 0.463409 0.174474 -0.800196 0.525189 0.28959
-2.80236 2.64759 1.13276 0.463409 0.1808 -0.940317 -0 0.3403
-2.80236 2.64759 1.13276 0.463409 0.1808 -0.940317 -0 0.3403
-1.92134 2.64759 2.39589 0.388052 0.1808 -0.644189 0 0.764867
-1.92134 2.73815 2.39589 0.388052 0.174474 -0.548195 0.525189 0.65089
-2.80236 2.64759 1.13276 0.463409 0.1808 -0.940317 -0 0.3403
-2.80236 2.73815 1.13276 0.463409 0.174474 -0.800196 0.525189 0.28959
-2.93377 2.73815 -0.401645 0.536331 0.174474 -0.837786 0.525188 -0.149305
-2.93377 2.73815 -0.401645 0.536331 0.174474 -0.837786 0.525188 -0.149305
-2.93377 2.64759 -0.401645 0.536331 0.1808 -0.984488 -3e-006 -0.175451
-2.80236 2.64759 1.13276 0.463409 0.1808 -0.940317 -0 0.3403
-2.93377 2.73815 -0.401645 0.536331 0.174474 -0.837786 0.525188 -0.149305
-2.28038 2.73815 -1.79619 0.605612 0.174474 -0.65089 0.525189 -0.548195
-2.28038 2.64759 -1.79619 0.605612 0.1808 -0.764867 -0 -0.644189
-2.28038 2.64759 -1.79619 0.605612 0.1808 -0.764867 -0 -0.644189
-2.93377 2.64759 -0.401645 0.536331 0.1808 -0.984488 -3e-006 -0.175451
-2.93377 2.73815 -0.401645 0.536331 0.174474 -0.837786 0.525188 -0.149305
-2.28038 2.64759 -1.79619 0.605612 0.1808 -0.764867 -0 -0.644189
-2.28038 2.73815 -1.79619 0.605612 0.174474 -0.65089 0.525189 -0.548195
-1.01725 2.73815 -2.6772 0.678534 0.174474 -0.28959 0.525189 -0.800196
-1.01725 2.73815 -2.6772 0.678534 0.174474 -0.28959 0.525189 -0.800196
-1.01725 2.64759 -2.6772 0.678534 0.1808 -0.3403 0 -0.940317
-2.28038 2.64759 -1.79619 0.605612 0.1808 -0.764867 -0 -0.644189
-0.983499 2.64759 -2.58395 0.325386 0.270287 0 -1 0
-1.01725 2.64759 -2.6772 0.330323 0.266751 0 -1 0
0.51716 2.64759 -2.80861 0.361027 0.352484 0 -1 0
0.51716 2.64759 -2.80861 0.361027 0.352484 0 -1 0
0.505217 2.64759 -2.71479 0.355628 0.353426 0 -1 0
-0.983499 2.64759 -2.58395 0.325386 0.270287 0 -1 0
-2.28038 2.64759 -1.79619 0.260239 0.207523 -0 -1 -0
-1.01725 2.64759 -2.6772 0.330323 0.266751 0 -1 0
-0.983499 2.64759 -2.58395 0.325386 0.270287 0 -1 0
-0.983499 2.64759 -2.58395 0.325386 0.270287 0 -1 0
-2.20452 2.64759 -1.7323 0.257276 0.212519 0 -1 -0
-2.28038 2.64759 -1.79619 0.260239 0.207523 -0 -1 -0
-2.83614 2.64759 -0.384246 0.169641 0.196544 -3e-006 -1 -0
-2.93377 2.64759 -0.401645 0.169389 0.190325 -3e-006 -1 -0
-2.28038 2.64759 -1.79619 0.260239 0.207523 -0 -1 -0
-2.28038 2.64759 -1.79619 0.260239 0.207523 -0 -1 -0
-2.20452 2.64759 -1.7323 0.257276 0.212519 0 -1 -0
-2.83614 2.64759 -0.384246 0.169641 0.196544 -3e-006 -1 -0
-2.80236 2.64759 1.13276 0.082464 0.221553 -0 -1 0
-2.93377 2.64759 -0.401645 0.169389 0.190325 -3e-006 -1 -0
-2.83614 2.64759 -0.384246 0.169641 0.196544 -3e-006 -1 -0
-2.83614 2.64759 -0.384246 0.169641 0.196544 -3e-006 -1 -0
-2.70911 2.64759 1.09901 0.085881 0.226309 0 -1 0
-2.80236 2.64759 1.13276 0.082464 0.221553 -0 -1 0
-1.85746 2.64759 2.32004 0.028073 0.293545 -0.000101 -1 0.000184
-1.92134 2.64759 2.39589 0.022472 0.290954 -0 -1 -0
-2.80236 2.64759 1.13276 0.082464 0.221553 -0 -1 0
-2.80236 2.64759 1.13276 0.082464 0.221553 -0 -1 0
-2.70911 2.64759 1.09901 0.085881 0.226309 0 -1 0
-1.85746 2.64759 2.32004 0.028073 0.293545 -0.000101 -1 0.000184
-0.526803 2.64759 3.04929 0.005891 0.380473 -0.001935 -0.99994 0.010775
-1.92134 2.64759 2.39589 0.022472 0.290954 -0 -1 -0
-1.85746 2.64759 2.32004 0.028073 0.293545 -0.000101 -1 0.000184
-1.85746 2.64759 2.32004 0.028073 0.293545 -0.000101 -1 0.000184
-0.508533 2.64645 2.95159 0.011857 0.380305 -0.001989 -0.999934 0.011329
-0.526803 2.64759 3.04929 0.005891 0.380473 -0.001935 -0.99994 0.010775
2.27073 2.64759 2.03686 0.106675 0.525415 2e-006 -1 2e-006
1.0076 2.64759 2.91787 0.036596 0.466207 0 -1 -0
0.973857 2.64759 2.82462 0.041113 0.462724 3.1e-005 -1 0.000208
0.973857 2.64759 2.82462 0.041113 0.462724 3.1e-005 -1 0.000208
2.19488 2.64759 1.97298 0.109227 0.520511 2e-006 -1 2e-006
2.27073 2.64759 2.03686 0.106675 0.525415 2e-006 -1 2e-006
2.8265 2.64759 0.624919 0.197277 0.536414 0 -1 0
2.92413 2.64759 0.642318 0.197526 0.542613 0 -1 0
2.27073 2.64759 2.03686 0.106675 0.525415 2e-006 -1 2e-006
2.27073 2.64759 2.03686 0.106675 0.525415 2e-006 -1 2e-006
2.19488 2.64759 1.97298 0.109227 0.520511 2e-006 -1 2e-006
2.8265 2.64759 0.624919 0.197277 0.536414 0 -1 0
2.79271 2.64759 -0.892089 0.284451 0.511385 0 -1 0
2.92413 2.64759 0.642318 0.197526 0.542613 0 -1 0
2.8265 2.64759 0.624919 0.197277 0.536414 0 -1 0
2.8265 2.64759 0.624919 0.197277 0.536414 0 -1 0
2.69946 2.64759 -0.858341 0.281033 0.50663 0 -1 0
2.79271 2.64759 -0.892089 0.284451 0.511385 0 -1 0
1.84782 2.64759 -2.07937 0.338842 0.439393 0 -1 0
1.9117 2.64759 -2.15522 0.344443 0.441984 0 -1 0
2.79271 2.64759 -0.892089 0.284451 0.511385 0 -1 0
2.79271 2.64759 -0.892089 0.284451 0.511385 0 -1 0
2.69946 2.64759 -0.858341 0.281033 0.50663 0 -1 0
1.84782 2.64759 -2.07937 0.338842 0.439393 0 -1 0
0.51716 2.64759 -2.80861 0.361027 0.352484 0 -1 0
1.9117 2.64759 -2.15522 0.344443 0.441984 0 -1 0
1.84782 2.64759 -2.07937 0.338842 0.439393 0 -1 0
1.84782 2.64759 -2.07937 0.338842 0.439393 0 -1 0
0.505217 2.64759 -2.71479 0.355628 0.353426 0 -1 0
0.51716 2.64759 -2.80861 0.361027 0.352484 0 -1 0
0.973857 2.64759 2.82462 0.041113 0.462724 3.1e-005 -1 0.000208
1.0076 2.64759 2.91787 0.036596 0.466207 0 -1 -0
-0.526803 2.64759 3.04929 0.005891 0.380473 -0.001935 -0.99994 0.010775
-0.526803 2.64759 3.04929 0.005891 0.380473 -0.001935 -0.99994 0.010775
-0.508533 2.64645 2.95159 0.011857 0.380305 -0.001989 -0.999934 0.011329
0.973857 2.64759 2.82462 0.041113 0.462724 3.1e-005 -1 0.000208
-0.508533 2.64645 2.95159 0.169948 0.00778198 -0.175294 0.009112 0.984474
-0.513629 -0.003098 2.97536 0.169913 0.160794 -0.175494 0.009169 0.984438
0.982052 -0.003098 2.84727 0.085576 0.160789 0.340286 0.009084 0.940278
0.982052 -0.003098 2.84727 0.085576 0.160789 0.340286 0.009084 0.940278
0.973857 2.64759 2.82462 0.085696 0.00770998 0.340349 0.009085 0.940255
-0.508533 2.64645 2.95159 0.169948 0.00778198 -0.175294 0.009112 0.984474
2.82533 0.027327 0.362643 0.896393 0.159985 0.995487 -0.021426 -0.092452
2.8502 -0.003098 0.629144 0.913458 0.161514 0.98512 0.008105 0.171674
2.8194 -0.003098 0.311804 0.896447 0.16172 0.995058 -0.060613 -0.078645
2.73563 2.04194 -0.545011 0.85291 0.043486 0.995724 0.009926 -0.091842
2.75678 0.025966 -0.545294 0.853637 0.160115 0.993666 0.041878 -0.104284
2.72211 -0.003098 -0.866537 0.83416 0.161626 0.937204 0.010983 -0.348609
2.72211 -0.003098 -0.866537 0.83416 0.161626 0.937204 0.010983 -0.348609
2.69946 2.64759 -0.858341 0.833914 0.00786901 0.939834 0.012318 -0.341409
2.73563 2.04194 -0.545011 0.85291 0.043486 0.995724 0.009926 -0.091842
2.8194 -0.003098 0.311804 0.890097 0.168659 0.995058 -0.060613 -0.078645
2.76217 -0.003098 -0.510197 0.860617 0.168543 0.992906 0.089371 -0.078427
2.75678 0.025966 -0.545294 0.860774 0.166797 0.993666 0.041878 -0.104284
2.75678 0.025966 -0.545294 0.860774 0.166797 0.993666 0.041878 -0.104284
2.82533 0.027327 0.362643 0.890075 0.166829 0.995487 -0.021426 -0.092452
2.8194 -0.003098 0.311804 0.890097 0.168659 0.995058 -0.060613 -0.078645
2.68326 2.0374 0.382169 0.870848 0.045726 0.04756 -0.998866 -0.002214
2.61364 2.0361 -0.528381 0.870941 0.08996 0.04756 -0.998866 -0.002214
2.73563 2.04194 -0.545011 0.864006 0.089745 0.04756 -0.998866 -0.002214
2.73563 2.04194 -0.545011 0.864006 0.089745 0.047562 -0.998866 -0.002213
2.80526 2.04324 0.365539 0.86391 0.045609 0.047562 -0.998866 -0.002213
2.68326 2.0374 0.382169 0.870848 0.045726 0.047562 -0.998866 -0.002213
2.635 0.025245 -0.526063 0.860672 0.160183 0.095227 0.724682 0.682472
2.75678 0.025966 -0.545294 0.853637 0.160115 0.10886 0.690372 0.715217
2.73563 2.04194 -0.545011 0.85291 0.043486 0.135781 0.002533 0.990736
2.73563 2.04194 -0.545011 0.85291 0.043486 0.135781 0.002533 0.990736
2.61364 2.0361 -0.528381 0.859752 0.044044 0.134942 0.002576 0.99085
2.635 0.025245 -0.526063 0.860672 0.160183 0.095227 0.724682 0.682472
2.82533 0.027327 0.362643 0.890075 0.166829 -0.119792 0.992525 0.023329
2.75678 0.025966 -0.545294 0.860774 0.166797 0.10886 0.690372 0.715217
2.635 0.025245 -0.526063 0.860725 0.160565 0.095227 0.724682 0.682472
2.635 0.025245 -0.526063 0.860725 0.160565 0.095227 0.724682 0.682472
2.70333 0.010895 0.379273 0.889901 0.160552 -0.130023 0.991182 0.025523
2.82533 0.027327 0.362643 0.890075 0.166829 -0.119792 0.992525 0.023329
2.82533 0.027327 0.362643 0.896393 0.159985 -0.135071 7.8e-005 -0.990836
2.70333 0.010895 0.379273 0.890017 0.159829 -0.135071 7.8e-005 -0.990836
2.68326 2.0374 0.382169 0.890012 0.043962 -0.135071 7.8e-005 -0.990836
2.68326 2.0374 0.382169 0.890012 0.043962 -0.135068 7.9e-005 -0.990836
2.80526 2.04324 0.365539 0.897126 0.043379 -0.135068 7.9e-005 -0.990836
2.82533 0.027327 0.362643 0.896393 0.159985 -0.135068 7.9e-005 -0.990836
2.75678 0.025966 -0.545294 0.853637 0.160115 0.993666 0.041878 -0.104284
2.76217 -0.003098 -0.510197 0.853673 0.161651 0.992906 0.089371 -0.078427
2.72211 -0.003098 -0.866537 0.83416 0.161626 0.937204 0.010983 -0.348609
0.188445 1.22145 -2.69992 0.645193 0.090497 -0.087125 0.008713 -0.996159
0.509442 -0.003098 -2.7385 0.663103 0.161463 0.17446 0.008941 -0.984624
-0.991694 -0.003098 -2.60659 0.578264 0.161353 -0.341428 0.008915 -0.939865
-0.991694 -0.003098 -2.60659 0.578264 0.161353 -0.341428 0.008915 -0.939865
-0.707587 1.21384 -2.62135 0.594263 0.090948 -0.088208 0.008689 -0.996064
0.188445 1.22145 -2.69992 0.645193 0.090497 -0.087125 0.008713 -0.996159
0.505217 2.64759 -2.71479 0.663615 0.00789398 0.17504 0.009279 -0.984518
0.509442 -0.003098 -2.7385 0.663103 0.161463 0.17446 0.008941 -0.984624
0.188445 1.22145 -2.69992 0.645193 0.090497 -0.087125 0.008713 -0.996159
0.188445 1.22145 -2.69992 0.645193 0.090497 -0.087125 0.008713 -0.996159
0.175052 2.10237 -2.68933 0.644825 0.039454 -0.091162 0.008722 -0.995798
0.505217 2.64759 -2.71479 0.663615 0.00789398 0.17504 0.009279 -0.984518
-0.707587 1.21384 -2.62135 0.594263 0.090948 -0.088208 0.008689 -0.996064
-0.991694 -0.003098 -2.60659 0.578264 0.161353 -0.341428 0.008915 -0.939865
-0.983499 2.64759 -2.58395 0.579031 0.00781703 -0.340745 0.008443 -0.940118
-0.983499 2.64759 -2.58395 0.579031 0.00781703 -0.340745 0.008443 -0.940118
-0.717499 2.10226 -2.61091 0.594276 0.039489 -0.082569 0.008998 -0.996545
-0.707587 1.21384 -2.62135 0.594263 0.090948 -0.088208 0.008689 -0.996064
-0.983499 2.64759 -2.58395 0.579031 0.00781703 -0.340745 0.008443 -0.940118
0.505217 2.64759 -2.71479 0.663615 0.00789398 0.17504 0.009279 -0.984518
0.175052 2.10237 -2.68933 0.644825 0.039454 -0.091162 0.008722 -0.995798
0.175052 2.10237 -2.68933 0.644825 0.039454 -0.091162 0.008722 -0.995798
-0.717499 2.10226 -2.61091 0.594276 0.039489 -0.082569 0.008998 -0.996545
-0.983499 2.64759 -2.58395 0.579031 0.00781703 -0.340745 0.008443 -0.940118
0.201459 1.21984 -2.55174 0.614346 0.041855 -0.007484 0.999905 0.011555
0.188445 1.22145 -2.69992 0.621597 0.04244 -0.007484 0.999905 0.011555
-0.707587 1.21384 -2.62135 0.621989 0.088743 -0.007484 0.999905 0.011555
-0.707587 1.21384 -2.62135 0.621989 0.088743 -0.007484 0.999905 0.011555
-0.694573 1.21222 -2.47317 0.614738 0.088157 -0.007484 0.999905 0.011555
0.201459 1.21984 -2.55174 0.614346 0.041855 -0.007484 0.999905 0.011555
0.201459 1.21984 -2.55174 0.637083 0.089444 -0.99605 -0.016192 0.087301
0.188066 2.10075 -2.54116 0.636651 0.040718 -0.99605 -0.016192 0.087301
0.175052 2.10237 -2.68933 0.644825 0.039454 -0.99605 -0.016192 0.087301
0.175052 2.10237 -2.68933 0.644825 0.039454 -0.99605 -0.016192 0.087302
0.188445 1.22145 -2.69992 0.645193 0.090497 -0.99605 -0.016192 0.087302
0.201459 1.21984 -2.55174 0.637083 0.089444 -0.99605 -0.016192 0.087302
-0.695826 2.10064 -2.4635 0.612619 0.08761 -0.000829 -0.999941 -0.010829
-0.717499 2.10226 -2.61091 0.605383 0.088705 -0.000829 -0.999941 -0.010829
0.175052 2.10237 -2.68933 0.605363 0.042642 -0.000829 -0.999941 -0.010829
0.175052 2.10237 -2.68933 0.605363 0.042642 -0.000829 -0.999941 -0.01083
0.188066 2.10075 -2.54116 0.612599 0.041994 -0.000829 -0.999941 -0.01083
-0.695826 2.10064 -2.4635 0.612619 0.08761 -0.000829 -0.999941 -0.01083
-0.695826 2.10064 -2.4635 0.602535 0.0406 0.996165 0.002358 -0.087462
-0.694573 1.21222 -2.47317 0.602038 0.089898 0.996165 0.002358 -0.087462
-0.707587 1.21384 -2.62135 0.594263 0.090948 0.996165 0.002358 -0.087462
-0.707587 1.21384 -2.62135 0.594263 0.090948 0.989304 0.012745 -0.145309
-0.717499 2.10226 -2.61091 0.594276 0.039489 0.989304 0.012745 -0.145309
-0.695826 2.10064 -2.4635 0.602535 0.0406 0.989304 0.012745 -0.145309
2.8265 2.64759 0.624919 0.913889 0.00783098 0.984488 0.0076 0.175288
2.80526 2.04324 0.365539 0.897126 0.043379 0.99586 0.004129 -0.09081
2.73563 2.04194 -0.545011 0.85291 0.043486 0.995724 0.009926 -0.091842
2.73563 2.04194 -0.545011 0.85291 0.043486 0.995724 0.009926 -0.091842
2.69946 2.64759 -0.858341 0.833914 0.00786901 0.939834 0.012318 -0.341409
2.8265 2.64759 0.624919 0.913889 0.00783098 0.984488 0.0076 0.175288
2.8502 -0.003098 0.629144 0.913458 0.161514 0.98512 0.008105 0.171674
2.82533 0.027327 0.362643 0.896393 0.159985 0.995487 -0.021426 -0.092452
2.80526 2.04324 0.365539 0.897126 0.043379 0.99586 0.004129 -0.09081
2.80526 2.04324 0.365539 0.897126 0.043379 0.99586 0.004129 -0.09081
2.8265 2.64759 0.624919 0.913889 0.00783098 0.984488 0.0076 0.175288
2.8502 -0.003098 0.629144 0.913458 0.161514 0.98512 0.008105 0.171674
2.61364 2.0361 -0.528381 0.011943 0.51832 0.997061 0.010125 -0.075937
2.68326 2.0374 0.382169 0.070005 0.51832 0.997039 0.009984 -0.07625
2.70333 0.010895 0.379273 0.070005 0.632059 0.997099 0.010366 -0.075403
2.70333 0.010895 0.379273 0.070005 0.632059 0.997099 0.010366 -0.075403
2.635 0.025245 -0.526063 0.012171 0.631788 0.997122 0.010509 -0.075086
2.61364 2.0361 -0.528381 0.011943 0.51832 0.997061 0.010125 -0.075937
-0.695826 2.10064 -2.4635 0.103712 0.550801 -0.087479 0.010681 -0.996109
0.188066 2.10075 -2.54116 0.152739 0.550264 -0.087523 0.010636 -0.996106
0.201459 1.21984 -2.55174 0.153254 0.596553 -0.08748 0.01068 -0.996109
0.201459 1.21984 -2.55174 0.153254 0.596553 -0.08748 0.01068 -0.996109
-0.694573 1.21222 -2.47317 0.102938 0.597079 -0.087437 0.010724 -0.996112
-0.695826 2.10064 -2.4635 0.103712 0.550801 -0.087479 0.010681 -0.996109
1.3565 3.39014 -1.58652 0.798272 0.76523 -1 0 1e-006
1.3565 3.39014 -1.94542 0.818011 0.76523 -1 0 1e-006
1.3565 2.68565 -1.94542 0.818011 0.804277 -1 0 1e-006
1.3565 2.68565 -1.94542 0.818011 0.804277 -1 0 1e-006
1.3565 2.68565 -1.58652 0.798272 0.804277 -1 0 1e-006
1.3565 3.39014 -1.58652 0.798272 0.76523 -1 0 1e-006
1.65923 2.68565 -1.94542 0.836353 0.804277 1 -0 -1e-006
1.65923 3.39014 -1.94542 0.836353 0.76523 1 -0 -1e-006
1.65923 3.39014 -1.58652 0.855987 0.76523 1 -0 -1e-006
1.65923 3.39014 -1.58652 0.855987 0.76523 1 -0 -1e-006
1.65923 2.68565 -1.58652 0.855987 0.804277 1 -0 -1e-006
1.65923 2.68565 -1.94542 0.836353 0.804277 1 -0 -1e-006
1.65923 3.39014 -1.94542 0.836353 0.76523 -2e-006 -0 -1
1.65923 2.68565 -1.94542 0.836353 0.804277 -2e-006 -0 -1
1.3565 2.68565 -1.94542 0.818011 0.804277 -2e-006 -0 -1
1.3565 2.68565 -1.94542 0.818011 0.804277 -2e-006 -0 -1
1.3565 3.39014 -1.94542 0.818011 0.76523 -2e-006 -0 -1
1.65923 3.39014 -1.94542 0.836353 0.76523 -2e-006 -0 -1
1.65923 3.39014 -1.58652 0.855987 0.76523 1e-006 0 1
1.3565 3.39014 -1.58652 0.874435 0.76523 1e-006 0 1
1.3565 2.68565 -1.58652 0.874435 0.804277 1e-006 0 1
1.3565 2.68565 -1.58652 0.874435 0.804277 1e-006 0 1
1.65923 2.68565 -1.58652 0.855987 0.804277 1e-006 0 1
1.65923 3.39014 -1.58652 0.855987 0.76523 1e-006 0 1
-1.65789 3.39014 -1.58652 0.899655 0.908135 -1 -0 1e-006
-1.65789 3.39014 -1.94542 0.919315 0.908135 -1 -0 1e-006
-1.65789 2.68565 -1.94542 0.919315 0.947221 -1 -0 1e-006
-1.65789 2.68565 -1.94542 0.919315 0.947221 -1 0 1e-006
-1.65789 2.68565 -1.58652 0.899655 0.947221 -1 0 1e-006
-1.65789 3.39014 -1.58652 0.899655 0.908135 -1 0 1e-006
-1.39772 3.39014 -1.58652 0.883791 0.908135 2e-006 -0 1
-1.65789 3.39014 -1.58652 0.899655 0.908135 2e-006 -0 1
-1.65789 2.68565 -1.58652 0.899655 0.947221 2e-006 -0 1
-1.65789 2.68565 -1.58652 0.899655 0.947221 2e-006 -0 1
-1.39772 2.68565 -1.58652 0.883791 0.947221 2e-006 -0 1
-1.39772 3.39014 -1.58652 0.883791 0.908135 2e-006 -0 1
-1.39772 3.39014 -1.94542 0.935077 0.908135 -2e-006 0 -1
-1.39772 2.68565 -1.94542 0.935077 0.947221 -2e-006 0 -1
-1.65789 2.68565 -1.94542 0.919315 0.947221 -2e-006 0 -1
-1.65789 2.68565 -1.94542 0.919315 0.947221 -3e-006 0 -1
-1.65789 3.39014 -1.94542 0.919315 0.908135 -3e-006 0 -1
-1.39772 3.39014 -1.94542 0.935077 0.908135 -3e-006 0 -1
0.138361 2.68565 -1.94542 0.834601 0.758981 1 0 -0
0.138361 3.39014 -1.94542 0.834601 0.719908 1 0 -0
0.138361 3.39014 -1.58652 0.854253 0.719908 1 0 -0
0.138361 3.39014 -1.58652 0.854253 0.719908 1 0 -0
0.138361 2.68565 -1.58652 0.854253 0.758981 1 0 -0
0.138361 2.68565 -1.94542 0.834601 0.758981 1 0 -0
0.138361 3.39014 -1.94542 0.834601 0.719908 2e-006 -1e-006 -1
0.138361 2.68565 -1.94542 0.834601 0.758981 2e-006 -1e-006 -1
-0.135495 2.68565 -1.94542 0.81801 0.758981 2e-006 -1e-006 -1
-0.135495 2.68565 -1.94542 0.81801 0.758981 0 0 -1
-0.135495 3.39014 -1.94542 0.81801 0.719908 0 0 -1
0.138361 3.39014 -1.94542 0.834601 0.719908 0 0 -1
-0.135495 3.39014 -1.58652 0.798255 0.719908 -1 0 0
-0.135495 3.39014 -1.94542 0.81801 0.719908 -1 0 0
-0.135495 2.68565 -1.94542 0.81801 0.758981 -1 0 0
-0.135495 2.68565 -1.94542 0.81801 0.758981 -1 0 0
-0.135495 2.68565 -1.58652 0.798255 0.758981 -1 0 0
-0.135495 3.39014 -1.58652 0.798255 0.719908 -1 0 0
0.138361 3.39014 -1.58652 0.854253 0.719908 0 0 1
-0.135495 3.39014 -1.58652 0.870947 0.719908 0 0 1
-0.135495 2.68565 -1.58652 0.870947 0.758981 0 0 1
-0.135495 2.68565 -1.58652 0.870947 0.758981 0 0 1
0.138361 2.68565 -1.58652 0.854253 0.758981 0 0 1
0.138361 3.39014 -1.58652 0.854253 0.719908 0 0 1
1.65923 2.68565 -0.018382 0.83807 0.851194 1 0 -1e-006
1.65923 3.39014 -0.018382 0.83807 0.812191 1 0 -1e-006
1.65923 3.39014 0.39694 0.860784 0.812191 1 0 -1e-006
1.65923 3.39014 0.39694 0.860784 0.812191 1 -0 -1e-006
1.65923 2.68565 0.39694 0.860784 0.851194 1 -0 -1e-006
1.65923 2.68565 -0.018382 0.83807 0.851194 1 -0 -1e-006
1.3565 2.68565 -0.018382 0.819756 0.851194 -0 0 -1
1.3565 3.39014 -0.018382 0.819756 0.812191 -0 0 -1
1.65923 3.39014 -0.018382 0.83807 0.812191 -0 0 -1
1.65923 3.39014 -0.018382 0.83807 0.812191 0 0 -1
1.65923 2.68565 -0.018382 0.83807 0.851194 0 0 -1
1.3565 2.68565 -0.018382 0.819756 0.851194 0 0 -1
1.3565 2.68565 -0.018382 0.819756 0.851194 -1 0 1e-006
1.3565 2.68565 0.39694 0.796931 0.851194 -1 0 1e-006
1.3565 3.39014 0.39694 0.796931 0.812191 -1 0 1e-006
1.3565 3.39014 0.39694 0.796931 0.812191 -1 -0 1e-006
1.3565 3.39014 -0.018382 0.819756 0.812191 -1 -0 1e-006
1.3565 2.68565 -0.018382 0.819756 0.851194 -1 -0 1e-006
1.65923 3.39014 0.39694 0.860784 0.812191 -0 0 1
1.3565 3.39014 0.39694 0.879208 0.812191 -0 0 1
1.3565 2.68565 0.39694 0.879208 0.851194 -0 0 1
1.3565 2.68565 0.39694 0.879208 0.851194 -0 0 1
1.65923 2.68565 0.39694 0.860784 0.851194 -0 0 1
1.65923 3.39014 0.39694 0.860784 0.812191 -0 0 1
-1.65789 3.39014 0.396941 0.836058 0.8589 -1 0 1e-006
-1.65789 3.39014 -0.018381 0.8588 0.8589 -1 0 1e-006
-1.65789 2.68565 -0.018381 0.8588 0.897939 -1 0 1e-006
-1.65789 2.68565 -0.018381 0.8588 0.897939 -1 0 1e-006
-1.65789 2.68565 0.396941 0.836058 0.897939 -1 0 1e-006
-1.65789 3.39014 0.396941 0.836058 0.8589 -1 0 1e-006
-1.39772 3.39014 0.396941 0.820324 0.8589 0 -0 1
-1.65789 3.39014 0.396941 0.836058 0.8589 0 -0 1
-1.65789 2.68565 0.396941 0.836058 0.897939 0 -0 1
-1.65789 2.68565 0.396941 0.836058 0.897939 0 -0 1
-1.39772 2.68565 0.396941 0.820324 0.897939 0 -0 1
-1.39772 3.39014 0.396941 0.820324 0.8589 0 -0 1
-1.39772 2.68565 -0.018381 0.797475 0.897939 1 0 -1e-006
-1.39772 3.39014 -0.018381 0.797475 0.8589 1 0 -1e-006
-1.39772 3.39014 0.396941 0.820324 0.8589 1 0 -1e-006
-1.39772 3.39014 0.396941 0.820324 0.8589 1 -0 -1e-006
-1.39772 2.68565 0.396941 0.820324 0.897939 1 -0 -1e-006
-1.39772 2.68565 -0.018381 0.797475 0.897939 1 -0 -1e-006
-1.65789 2.68565 -0.018381 0.8588 0.897939 -1e-006 0 -1
-1.65789 3.39014 -0.018381 0.8588 0.8589 -1e-006 0 -1
-1.39772 3.39014 -0.018381 0.874641 0.8589 -1e-006 0 -1
-1.39772 3.39014 -0.018381 0.874641 0.8589 -1e-006 0 -1
-1.39772 2.68565 -0.018381 0.874641 0.897939 -1e-006 0 -1
-1.65789 2.68565 -0.018381 0.8588 0.897939 -1e-006 0 -1
0.138361 3.39014 2.1804 0.819631 0.952383 -3e-006 1e-006 1
-0.135494 3.39014 2.1804 0.836199 0.952383 -3e-006 1e-006 1
-0.135494 2.68565 2.1804 0.836199 0.991417 -3e-006 1e-006 1
-0.135494 2.68565 2.1804 0.836199 0.991417 0 0 1
0.138361 2.68565 2.1804 0.819631 0.991416 0 0 1
0.138361 3.39014 2.1804 0.819631 0.952383 0 0 1
0.138361 2.68565 1.77312 0.79723 0.991416 1 0 -0
0.138361 3.39014 1.77312 0.79723 0.952383 1 0 -0
0.138361 3.39014 2.1804 0.819631 0.952383 1 0 -0
0.138361 3.39014 2.1804 0.819631 0.952383 1 -0 -0
0.138361 2.68565 2.1804 0.819631 0.991416 1 -0 -0
0.138361 2.68565 1.77312 0.79723 0.991416 1 -0 -0
-0.135494 2.68565 1.77312 0.858493 0.991417 1e-006 0 -1
-0.135494 3.39014 1.77312 0.858493 0.952383 1e-006 0 -1
0.138361 3.39014 1.77312 0.875168 0.952383 1e-006 0 -1
0.138361 3.39014 1.77312 0.875168 0.952383 1e-006 0 -1
0.138361 2.68565 1.77312 0.875168 0.991417 1e-006 0 -1
-0.135494 2.68565 1.77312 0.858493 0.991417 1e-006 0 -1
-0.135494 3.39014 2.1804 0.836199 0.952383 -1 -0 0
-0.135494 3.39014 1.77312 0.858493 0.952383 -1 -0 0
-0.135494 2.68565 1.77312 0.858493 0.991417 -1 -0 0
-0.135494 2.68565 1.77312 0.858493 0.991417 -1 0 0
-0.135494 2.68565 2.1804 0.836199 0.991417 -1 0 0
-0.135494 3.39014 2.1804 0.836199 0.952383 -1 0 0
1.65923 3.39014 2.1804 0.903585 0.951527 2e-006 0 1
1.3565 3.39014 2.1804 0.921903 0.951527 2e-006 0 1
1.3565 2.68565 2.1804 0.921903 0.990537 2e-006 0 1
1.3565 2.68565 2.1804 0.921903 0.990537 2e-006 0 1
1.65923 2.68565 2.1804 0.903585 0.990537 2e-006 0 1
1.65923 3.39014 2.1804 0.903585 0.951527 2e-006 0 1
1.65923 2.68565 1.77312 0.881199 0.990537 1 0 0
1.65923 3.39014 1.77312 0.881199 0.951527 1 0 0
1.65923 3.39014 2.1804 0.903585 0.951527 1 0 0
1.65923 3.39014 2.1804 0.903585 0.951527 1 0 0
1.65923 2.68565 2.1804 0.903585 0.990537 1 0 0
1.65923 2.68565 1.77312 0.881199 0.990537 1 0 0
1.3565 2.68565 1.77312 0.944179 0.990537 -3e-006 0 -1
1.3565 3.39014 1.77312 0.944179 0.951527 -3e-006 0 -1
1.65923 3.39014 1.77312 0.962607 0.951527 -3e-006 0 -1
1.65923 3.39014 1.77312 0.962607 0.951527 -2e-006 -0 -1
1.65923 2.68565 1.77312 0.962607 0.990537 -2e-006 -0 -1
1.3565 2.68565 1.77312 0.944179 0.990537 -2e-006 -0 -1
1.3565 3.39014 2.1804 0.921903 0.951527 -1 0 0
1.3565 3.39014 1.77312 0.944179 0.951527 -1 0 0
1.3565 2.68565 1.77312 0.944179 0.990537 -1 0 0
1.3565 2.68565 1.77312 0.944179 0.990537 -1 0 0
1.3565 2.68565 2.1804 0.921903 0.990537 -1 0 0
1.3565 3.39014 2.1804 0.921903 0.951527 -1 0 0
-1.39772 3.39014 2.1804 0.819836 0.905977 4e-006 0 1
-1.65789 3.39014 2.1804 0.835574 0.905977 4e-006 0 1
-1.65789 2.68565 2.1804 0.835574 0.945023 4e-006 0 1
-1.65789 2.68565 2.1804 0.835574 0.945023 4e-006 0 1
-1.39772 2.68565 2.1804 0.819836 0.945023 4e-006 0 1
-1.39772 3.39014 2.1804 0.819836 0.905977 4e-006 0 1
-1.39772 2.68565 1.77312 0.797426 0.945023 1 0 0
-1.39772 3.39014 1.77312 0.797426 0.905977 1 0 0
-1.39772 3.39014 2.1804 0.819836 0.905977 1 0 0
-1.39772 3.39014 2.1804 0.819836 0.905977 1 0 0
-1.39772 2.68565 2.1804 0.819836 0.945023 1 0 0
-1.39772 2.68565 1.77312 0.797426 0.945023 1 0 0
-1.39772 3.39014 1.77312 0.873721 0.905977 -2e-006 0 -1
-1.39772 2.68565 1.77312 0.873721 0.945023 -2e-006 0 -1
-1.65789 2.68565 1.77312 0.857878 0.945023 -2e-006 0 -1
-1.65789 2.68565 1.77312 0.857878 0.945023 -2e-006 0 -1
-1.65789 3.39014 1.77312 0.857878 0.905977 -2e-006 0 -1
-1.39772 3.39014 1.77312 0.873721 0.905977 -2e-006 0 -1
-1.65789 3.39014 2.1804 0.835574 0.905977 -1 0 0
-1.65789 3.39014 1.77312 0.857878 0.905977 -1 0 0
-1.65789 2.68565 1.77312 0.857878 0.945023 -1 0 0
-1.65789 2.68565 1.77312 0.857878 0.945023 -1 0 0
-1.65789 2.68565 2.1804 0.835574 0.945023 -1 0 0
-1.65789 3.39014 2.1804 0.835574 0.905977 -1 0 0
-1.39772 2.68565 -1.94542 0.935077 0.947221 1 0 -1e-006
-1.39772 3.39014 -1.94542 0.935077 0.908135 1 0 -1e-006
-1.39772 3.39014 -1.58652 0.954839 0.908135 1 0 -1e-006
-1.39772 3.39014 -1.58652 0.954839 0.908135 1 -0 -1e-006
-1.39772 2.68565 -1.58652 0.954839 0.947221 1 -0 -1e-006
-1.39772 2.68565 -1.94542 0.935077 0.947221 1 -0 -1e-006
1.7514 3.36597 -2.06604 0.191169 0.995926 -0 0.00273 -0.999996
-1.7486 3.36597 -2.06604 0.009788 0.995986 -0 0.00273 -0.999996
-1.75462 8.81672 -2.05116 0.009483 0.716599 -0 0.00273 -0.999996
-1.75462 8.81672 -2.05116 0.009483 0.716599 -0 0.00273 -0.999996
1.75742 8.81672 -2.05116 0.191643 0.716479 -0 0.00273 -0.999996
1.7514 3.36597 -2.06604 0.191169 0.995926 -0 0.00273 -0.999996
1.75742 8.81672 2.34567 0.39754 0.715735 0 -0 1
0.0014 10.7648 2.34567 0.488429 0.615696 0 -0 1
-1.75462 8.81672 2.34567 0.579768 0.715418 0 -0 1
