Vertex Count: 264

Data:

-0.350491 0 0.993213 -146.052 -195.695 0 1 -0
-0.179334 0 0.993213 -108.905 -195.695 0 1 -0
-0.179334 0 0.541226 -108.905 -97.5976 0 1 -0
-0.350491 0 0.993213 -146.052 -195.695 0 1 -0
-0.179334 0 0.541226 -108.905 -97.5976 0 1 -0
-0.350491 0 0.541226 -146.052 -97.5976 0 1 -0
-0.179334 0 0.993213 -108.905 -195.695 0 1 -0
0.324755 0 0.993213 0.5 -195.695 0 1 -0
0.324755 0 0.541226 0.5 -97.5976 0 1 -0
-0.179334 0 0.993213 -108.905 -195.695 0 1 -0
0.324755 0 0.541226 0.5 -97.5976 0 1 -0
-0.179334 0 0.541226 -108.905 -97.5976 0 1 -0
0.324755 0 0.993213 0.5 -195.695 0 1 -0
0.662377 0 0.993213 73.7759 -195.695 0 1 -0
0.662377 0 0.541226 73.776 -97.5977 0 1 -0
0.324755 0 0.993213 0.5 -195.695 0 1 -0
0.662377 0 0.541226 73.776 -97.5977 0 1 -0
0.324755 0 0.541226 0.5 -97.5976 0 1 -0
0.662377 0 0.993213 73.7759 -195.695 0 1 -0
1 0 0.993213 147.052 -195.695 0 1 -0
1 0 0.541226 147.052 -97.5977 0 1 -0
0.662377 0 0.993213 73.7759 -195.695 0 1 -0
1 0 0.541226 147.052 -97.5977 0 1 -0
0.662377 0 0.541226 73.776 -97.5977 0 1 -0
-0.350491 0 0.541226 -146.052 -97.5976 0 1 -0
-0.179334 0 0.541226 -108.905 -97.5976 0 1 -0
-0.179334 0 0.0892344 -108.905 0.5 0 1 -0
-0.350491 0 0.541226 -146.052 -97.5976 0 1 -0
-0.179334 0 0.0892344 -108.905 0.5 0 1 -0
-0.350491 0 0.0892344 -146.052 0.5 0 1 -0
-0.179334 0 0.541226 -108.905 -97.5976 0 1 -0
0.324755 0 0.541226 0.5 -97.5976 0 1 -0
0.324755 0 0.0892344 0.5 0.5 0 1 -0
-0.179334 0 0.541226 -108.905 -97.5976 0 1 -0
0.324755 0 0.0892344 0.5 0.5 0 1 -0
-0.179334 0 0.0892344 -108.905 0.5 0 1 -0
0.324755 0 0.541226 0.5 -97.5976 0 1 -0
0.662377 0 0.541226 73.776 -97.5977 0 1 -0
0.662377 0 0.0892344 73.776 0.5 0 1 -0
0.324755 0 0.541226 0.5 -97.5976 0 1 -0
0.662377 0 0.0892344 73.776 0.5 0 1 -0
0.324755 0 0.0892344 0.5 0.5 0 1 -0
0.662377 0 0.541226 73.776 -97.5977 0 1 -0
1 0 0.541226 147.052 -97.5977 0 1 -0
1 0 0.0892344 147.052 0.5 0 1 -0
0.662377 0 0.541226 73.776 -97.5977 0 1 -0
1 0 0.0892344 147.052 0.5 0 1 -0
0.662377 0 0.0892344 73.776 0.5 0 1 -0
-0.350491 0 0.0892344 -146.052 0.5 0 1 -0
-0.179334 0 0.0892344 -108.905 0.5 0 1 -0
-0.179334 0 -0.362756 -108.905 98.5977 0 1 -0
-0.350491 0 0.0892344 -146.052 0.5 0 1 -0
-0.179334 0 -0.362756 -108.905 98.5977 0 1 -0
-0.350491 0 -0.362756 -146.052 98.5977 0 1 -0
-0.179334 0 0.0892344 -108.905 0.5 0 1 -0
0.324755 0 0.0892344 0.5 0.5 0 1 -0
0.324755 0 -0.362756 0.5 98.5976 0 1 -0
-0.179334 0 0.0892344 -108.905 0.5 0 1 -0
0.324755 0 -0.362756 0.5 98.5976 0 1 -0
-0.179334 0 -0.362756 -108.905 98.5977 0 1 -0
0.324755 0 0.0892344 0.5 0.5 0 1 -0
0.662377 0 0.0892344 73.776 0.5 0 1 -0
0.662377 0 -0.362756 73.776 98.5976 0 1 -0
0.324755 0 0.0892344 0.5 0.5 0 1 -0
0.662377 0 -0.362756 73.776 98.5976 0 1 -0
0.324755 0 -0.362756 0.5 98.5976 0 1 -0
0.662377 0 0.0892344 73.776 0.5 0 1 -0
1 0 0.0892344 147.052 0.5 0 1 -0
1 0 -0.362756 147.052 98.5976 0 1 -0
0.662377 0 0.0892344 73.776 0.5 0 1 -0
1 0 -0.362756 147.052 98.5976 0 1 -0
0.662377 0 -0.362756 73.776 98.5976 0 1 -0
-0.350491 0 -0.362756 -146.052 98.5977 0 1 -0
-0.179334 0 -0.362756 -108.905 98.5977 0 1 -0
-0.179334 0 -0.814744 -108.905 196.695 0 1 -0
-0.350491 0 -0.362756 -146.052 98.5977 0 1 -0
-0.179334 0 -0.814744 -108.905 196.695 0 1 -0
-0.350491 0 -0.814744 -146.052 196.695 0 1 -0
-0.179334 0 -0.362756 -108.905 98.5977 0 1 -0
0.324755 0 -0.362756 0.5 98.5976 0 1 -0
0.324755 0 -0.814744 0.5 196.695 0 1 -0
-0.179334 0 -0.362756 -108.905 98.5977 0 1 -0
0.324755 0 -0.814744 0.5 196.695 0 1 -0
-0.179334 0 -0.814744 -108.905 196.695 0 1 -0
0.324755 0 -0.362756 0.5 98.5976 0 1 -0
0.662377 0 -0.362756 73.776 98.5976 0 1 -0
0.662377 0 -0.814744 73.776 196.695 0 1 -0
0.324755 0 -0.362756 0.5 98.5976 0 1 -0
0.662377 0 -0.814744 73.776 196.695 0 1 -0
0.324755 0 -0.814744 0.5 196.695 0 1 -0
0.662377 0 -0.362756 73.776 98.5976 0 1 -0
1 0 -0.362756 147.052 98.5976 0 1 -0
1 0 -0.814744 147.052 196.695 0 1 -0
0.662377 0 -0.362756 73.776 98.5976 0 1 -0
1 0 -0.814744 147.052 196.695 0 1 -0
0.662377 0 -0.814744 73.776 196.695 0 1 -0
-0.350491 0.381683 0.993213 -146.052 -195.695 0 -1 -0
-0.350491 0.381683 0.796401 -146.052 -152.98 0 -1 -0
-0.179334 0.381683 0.796401 -108.905 -152.98 0 -1 -0
-0.350491 0.381683 0.993213 -146.052 -195.695 0 -1 -0
-0.179334 0.381683 0.796401 -108.905 -152.98 0 -1 -0
-0.179334 0.381683 0.993213 -108.905 -195.695 0 -1 -0
-0.179334 0.381683 0.993213 -108.905 -195.695 0 -1 -0
-0.179334 0.381683 0.796401 -108.905 -152.98 0 -1 -0
0.324755 0.381683 0.796401 0.5 -152.98 0 -1 -0
-0.179334 0.381683 0.993213 -108.905 -195.695 0 -1 -0
0.324755 0.381683 0.796401 0.5 -152.98 0 -1 -0
0.324755 0.381683 0.993213 0.5 -195.695 0 -1 -0
0.324755 0.381683 0.993213 0.5 -195.695 0 -1 -0
0.324755 0.381683 0.796401 0.5 -152.98 0 -1 -0
0.823968 0.381683 0.796401 108.847 -152.98 0 -1 -0
0.324755 0.381683 0.993213 0.5 -195.695 0 -1 -0
0.823968 0.381683 0.796401 108.847 -152.98 0 -1 -0
0.823968 0.381683 0.993213 108.847 -195.695 0 -1 -0
0.823968 0.381683 0.993213 108.847 -195.695 0 -1 -0
0.823968 0.381683 0.796401 108.847 -152.98 0 -1 -0
1 0.381683 0.796401 147.052 -152.98 0 -1 -0
0.823968 0.381683 0.993213 108.847 -195.695 0 -1 -0
1 0.381683 0.796401 147.052 -152.98 0 -1 -0
1 0.381683 0.993213 147.052 -195.695 0 -1 -0
-0.350491 0.381683 0.796401 -146.052 -152.98 0 -1 -0
-0.350491 0.381683 0.0892344 -146.052 0.5 0 -1 -0
-0.179334 0.381683 0.0892344 -108.905 0.5 0 -1 -0
-0.350491 0.381683 0.796401 -146.052 -152.98 0 -1 -0
-0.179334 0.381683 0.0892344 -108.905 0.5 0 -1 -0
-0.179334 0.381683 0.796401 -108.905 -152.98 0 -1 -0
0.823968 0.381683 0.796401 108.847 -152.98 0 -1 -0
0.823968 0.381683 0.0892344 108.847 0.5 0 -1 -0
1 0.381683 0.0892344 147.052 0.5 0 -1 -0
0.823968 0.381683 0.796401 108.847 -152.98 0 -1 -0
1 0.381683 0.0892344 147.052 0.5 0 -1 -0
1 0.381683 0.796401 147.052 -152.98 0 -1 -0
-0.350491 0.381683 0.0892344 -146.052 0.5 0 -1 -0
-0.350491 0.381683 -0.622849 -146.052 155.047 0 -1 -0
-0.179334 0.381683 -0.622849 -108.905 155.047 0 -1 -0
-0.350491 0.381683 0.0892344 -146.052 0.5 0 -1 -0
-0.179334 0.381683 -0.622849 -108.905 155.047 0 -1 -0
-0.179334 0.381683 0.0892344 -108.905 0.5 0 -1 -0
0.823968 0.381683 0.0892344 108.847 0.5 0 -1 -0
0.823968 0.381683 -0.622849 108.847 155.046 0 -1 -0
1 0.381683 -0.622849 147.052 155.046 0 -1 -0
0.823968 0.381683 0.0892344 108.847 0.5 0 -1 -0
1 0.381683 -0.622849 147.052 155.046 0 -1 -0
1 0.381683 0.0892344 147.052 0.5 0 -1 -0
-0.350491 0.381683 -0.622849 -146.052 155.047 0 -1 -0
-0.350491 0.381683 -0.814744 -146.052 196.695 0 -1 -0
-0.179334 0.381683 -0.814744 -108.905 196.695 0 -1 -0
-0.350491 0.381683 -0.622849 -146.052 155.047 0 -1 -0
-0.179334 0.381683 -0.814744 -108.905 196.695 0 -1 -0
-0.179334 0.381683 -0.622849 -108.905 155.047 0 -1 -0
-0.179334 0.381683 -0.622849 -108.905 155.047 0 -1 -0
-0.179334 0.381683 -0.814744 -108.905 196.695 0 -1 -0
0.324755 0.381683 -0.814744 0.5 196.695 0 -1 -0
-0.179334 0.381683 -0.622849 -108.905 155.047 0 -1 -0
0.324755 0.381683 -0.814744 0.5 196.695 0 -1 -0
0.324755 0.381683 -0.622849 0.5 155.046 0 -1 -0
0.324755 0.381683 -0.622849 0.5 155.046 0 -1 -0
0.324755 0.381683 -0.814744 0.5 196.695 0 -1 -0
0.823968 0.381683 -0.814744 108.847 196.695 0 -1 -0
0.324755 0.381683 -0.622849 0.5 155.046 0 -1 -0
0.823968 0.381683 -0.814744 108.847 196.695 0 -1 -0
0.823968 0.381683 -0.622849 108.847 155.046 0 -1 -0
0.823968 0.381683 -0.622849 108.847 155.046 0 -1 -0
0.823968 0.381683 -0.814744 108.847 196.695 0 -1 -0
1 0.381683 -0.814744 147.052 196.695 0 -1 -0
0.823968 0.381683 -0.622849 108.847 155.046 0 -1 -0
1 0.381683 -0.814744 147.052 196.695 0 -1 -0
1 0.381683 -0.622849 147.052 155.046 0 -1 -0
-0.350491 0 0.993213 -146.052 -195.695 0 0 -1
-0.350491 0.381683 0.993213 -146.052 -195.695 0 0 -1
-0.179334 0.381683 0.993213 -108.905 -195.695 0 0 -1
-0.350491 0 0.993213 -146.052 -195.695 0 0 -1
-0.179334 0.381683 0.993213 -108.905 -195.695 0 0 -1
-0.179334 0 0.993213 -108.905 -195.695 0 0 -1
-0.179334 0 0.993213 -108.905 -195.695 0 0 -1
-0.179334 0.381683 0.993213 -108.905 -195.695 0 0 -1
0.324755 0.381683 0.993213 0.5 -195.695 0 0 -1
-0.179334 0 0.993213 -108.905 -195.695 0 0 -1
0.324755 0.381683 0.993213 0.5 -195.695 0 0 -1
0.324755 0 0.993213 0.5 -195.695 0 0 -1
0.324755 0 0.993213 0.5 -195.695 0 0 -1
0.324755 0.381683 0.993213 0.5 -195.695 0 0 -1
0.823968 0.381683 0.993213 108.847 -195.695 0 0 -1
0.324755 0 0.993213 0.5 -195.695 0 0 -1
0.823968 0.381683 0.993213 108.847 -195.695 0 0 -1
0.662377 0 0.993213 73.7759 -195.695 0 0 -1
0.662377 0 0.993213 73.7759 -195.695 0 0 -1
0.823968 0.381683 0.993213 108.847 -195.695 0 0 -1
1 0.381683 0.993213 147.052 -195.695 0 0 -1
0.662377 0 0.993213 73.7759 -195.695 0 0 -1
1 0.381683 0.993213 147.052 -195.695 0 0 -1
1 0 0.993213 147.052 -195.695 0 0 -1
1 0 0.993213 147.052 -195.695 -1 0 -0
1 0.381683 0.993213 147.052 -195.695 -1 0 -0
1 0.381683 0.796401 147.052 -152.98 -1 0 -0
1 0 0.993213 147.052 -195.695 -1 0 -0
1 0.381683 0.796401 147.052 -152.98 -1 0 -0
1 0 0.541226 147.052 -97.5977 -1 0 -0
1 0 0.541226 147.052 -97.5977 -1 0 -0
1 0.381683 0.796401 147.052 -152.98 -1 0 -0
1 0.381683 0.0892344 147.052 0.5 -1 0 -0
1 0 0.541226 147.052 -97.5977 -1 0 -0
1 0.381683 0.0892344 147.052 0.5 -1 0 -0
1 0 0.0892344 147.052 0.5 -1 0 -0
1 0 0.0892344 147.052 0.5 -1 0 -0
1 0.381683 0.0892344 147.052 0.5 -1 0 -0
1 0.381683 -0.622849 147.052 155.046 -1 0 -0
1 0 0.0892344 147.052 0.5 -1 0 -0
1 0.381683 -0.622849 147.052 155.046 -1 0 -0
1 0 -0.362756 147.052 98.5976 -1 0 -0
1 0 -0.362756 147.052 98.5976 -1 0 -0
1 0.381683 -0.622849 147.052 155.046 -1 0 -0
1 0.381683 -0.814744 147.052 196.695 -1 0 -0
1 0 -0.362756 147.052 98.5976 -1 0 -0
1 0.381683 -0.814744 147.052 196.695 -1 0 -0
1 0 -0.814744 147.052 196.695 -1 0 -0
1 0 -0.814744 147.052 196.695 0 0 1
1 0.381683 -0.814744 147.052 196.695 0 0 1
0.823968 0.381683 -0.814744 108.847 196.695 0 0 1
1 0 -0.814744 147.052 196.695 0 0 1
0.823968 0.381683 -0.814744 108.847 196.695 0 0 1
0.662377 0 -0.814744 73.776 196.695 0 0 1
0.662377 0 -0.814744 73.776 196.695 0 0 1
0.823968 0.381683 -0.814744 108.847 196.695 0 0 1
0.324755 0.381683 -0.814744 0.5 196.695 0 0 1
0.662377 0 -0.814744 73.776 196.695 0 0 1
0.324755 0.381683 -0.814744 0.5 196.695 0 0 1
0.324755 0 -0.814744 0.5 196.695 0 0 1
0.324755 0 -0.814744 0.5 196.695 0 0 1
0.324755 0.381683 -0.814744 0.5 196.695 0 0 1
-0.179334 0.381683 -0.814744 -108.905 196.695 0 0 1
0.324755 0 -0.814744 0.5 196.695 0 0 1
-0.179334 0.381683 -0.814744 -108.905 196.695 0 0 1
-0.179334 0 -0.814744 -108.905 196.695 0 0 1
-0.179334 0 -0.814744 -108.905 196.695 0 0 1
-0.179334 0.381683 -0.814744 -108.905 196.695 0 0 1
-0.350491 0.381683 -0.814744 -146.052 196.695 0 0 1
-0.179334 0 -0.814744 -108.905 196.695 0 0 1
-0.350491 0.381683 -0.814744 -146.052 196.695 0 0 1
-0.350491 0 -0.814744 -146.052 196.695 0 0 1
-0.350491 0 -0.814744 -146.052 196.695 1 0 -0
-0.350491 0.381683 -0.814744 -146.052 196.695 1 0 -0
-0.350491 0.381683 -0.622849 -146.052 155.047 1 0 -0
-0.350491 0 -0.814744 -146.052 196.695 1 0 -0
-0.350491 0.381683 -0.622849 -146.052 155.047 1 0 -0
-0.350491 0 -0.362756 -146.052 98.5977 1 0 -0
-0.350491 0 -0.362756 -146.052 98.5977 1 0 -0
-0.350491 0.381683 -0.622849 -146.052 155.047 1 0 -0
-0.350491 0.381683 0.0892344 -146.052 0.5 1 0 -0
-0.350491 0 -0.362756 -146.052 98.5977 1 0 -0
-0.350491 0.381683 0.0892344 -146.052 0.5 1 0 -0
-0.350491 0 0.0892344 -146.052 0.5 1 0 -0
-0.350491 0 0.0892344 -146.052 0.5 1 0 -0
-0.350491 0.381683 0.0892344 -146.052 0.5 1 0 -0
-0.350491 0.381683 0.796401 -146.052 -152.98 1 0 -0
-0.350491 0 0.0892344 -146.052 0.5 1 0 -0
-0.350491 0.381683 0.796401 -146.052 -152.98 1 0 -0
-0.350491 0 0.541226 -146.052 -97.5976 1 0 -0
-0.350491 0 0.541226 -146.052 -97.5976 1 0 -0
-0.350491 0.381683 0.796401 -146.052 -152.98 1 0 -0
-0.350491 0.381683 0.993213 -146.052 -195.695 1 0 -0
-0.350491 0 0.541226 -146.052 -97.5976 1 0 -0
-0.350491 0.381683 0.993213 -146.052 -195.695 1 0 -0
-0.350491 0 0.993213 -146.052 -195.695 1 0 -0
