Vertex Count: 1872

Data:

23.2362 19.99 -5.7272 0.038462 0.076923 0 0 0
45.1219 28.5385 -11.1216 0.038462 0.153846 0 0 0
46.4723 28.5385 0 0 0.153846 0 0 0
23.2362 19.99 -5.7272 0.038462 0.076923 0 0 0
46.4723 28.5385 0 0 0.153846 0 0 0
23.9316 19.99 0 0 0.076923 0 0 0
21.1904 19.99 -11.1216 0.076923 0.076923 0 0 0
41.1492 28.5385 -21.5968 0.076923 0.153846 0 0 0
45.1219 28.5385 -11.1216 0.038462 0.153846 0 0 0
21.1904 19.99 -11.1216 0.076923 0.076923 0 0 0
45.1219 28.5385 -11.1216 0.038462 0.153846 0 0 0
23.2362 19.99 -5.7272 0.038462 0.076923 0 0 0
17.913 19.99 -15.8696 0.115385 0.076923 0 0 0
34.785 28.5385 -30.8168 0.115385 0.153846 0 0 0
41.1492 28.5385 -21.5968 0.076923 0.153846 0 0 0
17.913 19.99 -15.8696 0.115385 0.076923 0 0 0
41.1492 28.5385 -21.5968 0.076923 0.153846 0 0 0
21.1904 19.99 -11.1216 0.076923 0.076923 0 0 0
13.5947 19.99 -19.6953 0.153846 0.076923 0 0 0
26.3993 28.5385 -38.246 0.153846 0.153846 0 0 0
34.785 28.5385 -30.8168 0.115385 0.153846 0 0 0
13.5947 19.99 -19.6953 0.153846 0.076923 0 0 0
34.785 28.5385 -30.8168 0.115385 0.153846 0 0 0
17.913 19.99 -15.8696 0.115385 0.076923 0 0 0
8.48625 19.99 -22.3764 0.192308 0.076923 0 0 0
16.4793 28.5385 -43.4524 0.192308 0.153846 0 0 0
26.3993 28.5385 -38.246 0.153846 0.153846 0 0 0
8.48625 19.99 -22.3764 0.192308 0.076923 0 0 0
26.3993 28.5385 -38.246 0.153846 0.153846 0 0 0
13.5947 19.99 -19.6953 0.153846 0.076923 0 0 0
2.88463 19.99 -23.7571 0.230769 0.076923 0 0 0
5.60162 28.5385 -46.1335 0.230769 0.153846 0 0 0
16.4793 28.5385 -43.4524 0.192308 0.153846 0 0 0
2.88463 19.99 -23.7571 0.230769 0.076923 0 0 0
16.4793 28.5385 -43.4524 0.192308 0.153846 0 0 0
8.48625 19.99 -22.3764 0.192308 0.076923 0 0 0
-2.88463 19.99 -23.7571 0.269231 0.076923 0 0 0
-5.60162 28.5385 -46.1335 0.269231 0.153846 0 0 0
5.60162 28.5385 -46.1335 0.230769 0.153846 0 0 0
-2.88463 19.99 -23.7571 0.269231 0.076923 0 0 0
5.60162 28.5385 -46.1335 0.230769 0.153846 0 0 0
2.88463 19.99 -23.7571 0.230769 0.076923 0 0 0
-8.48625 19.99 -22.3764 0.307692 0.076923 0 0 0
-16.4793 28.5385 -43.4524 0.307692 0.153846 0 0 0
-5.60162 28.5385 -46.1335 0.269231 0.153846 0 0 0
-8.48625 19.99 -22.3764 0.307692 0.076923 0 0 0
-5.60162 28.5385 -46.1335 0.269231 0.153846 0 0 0
-2.88463 19.99 -23.7571 0.269231 0.076923 0 0 0
-13.5947 19.99 -19.6953 0.346154 0.076923 0 0 0
-26.3993 28.5385 -38.246 0.346154 0.153846 0 0 0
-16.4793 28.5385 -43.4524 0.307692 0.153846 0 0 0
-13.5947 19.99 -19.6953 0.346154 0.076923 0 0 0
-16.4793 28.5385 -43.4524 0.307692 0.153846 0 0 0
-8.48625 19.99 -22.3764 0.307692 0.076923 0 0 0
-17.913 19.99 -15.8696 0.384615 0.076923 0 0 0
-34.785 28.5385 -30.8168 0.384615 0.153846 0 0 0
-26.3993 28.5385 -38.246 0.346154 0.153846 0 0 0
-17.913 19.99 -15.8696 0.384615 0.076923 0 0 0
-26.3993 28.5385 -38.246 0.346154 0.153846 0 0 0
-13.5947 19.99 -19.6953 0.346154 0.076923 0 0 0
-21.1904 19.99 -11.1216 0.423077 0.076923 0 0 0
-41.1492 28.5385 -21.5968 0.423077 0.153846 0 0 0
-34.785 28.5385 -30.8168 0.384615 0.153846 0 0 0
-21.1904 19.99 -11.1216 0.423077 0.076923 0 0 0
-34.785 28.5385 -30.8168 0.384615 0.153846 0 0 0
-17.913 19.99 -15.8696 0.384615 0.076923 0 0 0
-23.2362 19.99 -5.7272 0.461538 0.076923 0 0 0
-45.1219 28.5385 -11.1216 0.461538 0.153846 0 0 0
-41.1492 28.5385 -21.5968 0.423077 0.153846 0 0 0
-23.2362 19.99 -5.7272 0.461538 0.076923 0 0 0
-41.1492 28.5385 -21.5968 0.423077 0.153846 0 0 0
-21.1904 19.99 -11.1216 0.423077 0.076923 0 0 0
-23.9316 19.99 2e-006 0.5 0.076923 0 0 0
-46.4723 28.5385 4e-006 0.5 0.153846 0 0 0
-45.1219 28.5385 -11.1216 0.461538 0.153846 0 0 0
-23.9316 19.99 2e-006 0.5 0.076923 0 0 0
-45.1219 28.5385 -11.1216 0.461538 0.153846 0 0 0
-23.2362 19.99 -5.7272 0.461538 0.076923 0 0 0
-23.2362 19.99 5.7272 0.538462 0.076923 0 0 0
-45.1219 28.5385 11.1216 0.538462 0.153846 0 0 0
-46.4723 28.5385 4e-006 0.5 0.153846 0 0 0
-23.2362 19.99 5.7272 0.538462 0.076923 0 0 0
-46.4723 28.5385 4e-006 0.5 0.153846 0 0 0
-23.9316 19.99 2e-006 0.5 0.076923 0 0 0
-21.1904 19.99 11.1216 0.576923 0.076923 0 0 0
-41.1492 28.5385 21.5968 0.576923 0.153846 0 0 0
-45.1219 28.5385 11.1216 0.538462 0.153846 0 0 0
-21.1904 19.99 11.1216 0.576923 0.076923 0 0 0
-45.1219 28.5385 11.1216 0.538462 0.153846 0 0 0
-23.2362 19.99 5.7272 0.538462 0.076923 0 0 0
-17.913 19.99 15.8696 0.615385 0.076923 0 0 0
-34.785 28.5385 30.8168 0.615385 0.153846 0 0 0
-41.1492 28.5385 21.5968 0.576923 0.153846 0 0 0
-17.913 19.99 15.8696 0.615385 0.076923 0 0 0
-41.1492 28.5385 21.5968 0.576923 0.153846 0 0 0
-21.1904 19.99 11.1216 0.576923 0.076923 0 0 0
-13.5947 19.99 19.6953 0.653846 0.076923 0 0 0
-26.3993 28.5385 38.246 0.653846 0.153846 0 0 0
-34.785 28.5385 30.8168 0.615385 0.153846 0 0 0
-13.5947 19.99 19.6953 0.653846 0.076923 0 0 0
-34.785 28.5385 30.8168 0.615385 0.153846 0 0 0
-17.913 19.99 15.8696 0.615385 0.076923 0 0 0
-8.48626 19.99 22.3764 0.692308 0.076923 0 0 0
-16.4793 28.5385 43.4524 0.692308 0.153846 0 0 0
-26.3993 28.5385 38.246 0.653846 0.153846 0 0 0
-8.48626 19.99 22.3764 0.692308 0.076923 0 0 0
-26.3993 28.5385 38.246 0.653846 0.153846 0 0 0
-13.5947 19.99 19.6953 0.653846 0.076923 0 0 0
-2.88463 19.99 23.7571 0.730769 0.076923 0 0 0
-5.60162 28.5385 46.1335 0.730769 0.153846 0 0 0
-16.4793 28.5385 43.4524 0.692308 0.153846 0 0 0
-2.88463 19.99 23.7571 0.730769 0.076923 0 0 0
-16.4793 28.5385 43.4524 0.692308 0.153846 0 0 0
-8.48626 19.99 22.3764 0.692308 0.076923 0 0 0
2.88463 19.99 23.7571 0.769231 0.076923 0 0 0
5.60162 28.5385 46.1335 0.769231 0.153846 0 0 0
-5.60162 28.5385 46.1335 0.730769 0.153846 0 0 0
2.88463 19.99 23.7571 0.769231 0.076923 0 0 0
-5.60162 28.5385 46.1335 0.730769 0.153846 0 0 0
-2.88463 19.99 23.7571 0.730769 0.076923 0 0 0
8.48626 19.99 22.3764 0.807692 0.076923 0 0 0
16.4793 28.5385 43.4524 0.807692 0.153846 0 0 0
5.60162 28.5385 46.1335 0.769231 0.153846 0 0 0
8.48626 19.99 22.3764 0.807692 0.076923 0 0 0
5.60162 28.5385 46.1335 0.769231 0.153846 0 0 0
2.88463 19.99 23.7571 0.769231 0.076923 0 0 0
13.5947 19.99 19.6953 0.846154 0.076923 0 0 0
26.3993 28.5385 38.246 0.846154 0.153846 0 0 0
16.4793 28.5385 43.4524 0.807692 0.153846 0 0 0
13.5947 19.99 19.6953 0.846154 0.076923 0 0 0
16.4793 28.5385 43.4524 0.807692 0.153846 0 0 0
8.48626 19.99 22.3764 0.807692 0.076923 0 0 0
17.913 19.99 15.8696 0.884615 0.076923 0 0 0
34.785 28.5385 30.8169 0.884615 0.153846 0 0 0
26.3993 28.5385 38.246 0.846154 0.153846 0 0 0
17.913 19.99 15.8696 0.884615 0.076923 0 0 0
26.3993 28.5385 38.246 0.846154 0.153846 0 0 0
13.5947 19.99 19.6953 0.846154 0.076923 0 0 0
21.1904 19.99 11.1216 0.923077 0.076923 0 0 0
41.1492 28.5385 21.5968 0.923077 0.153846 0 0 0
34.785 28.5385 30.8169 0.884615 0.153846 0 0 0
21.1904 19.99 11.1216 0.923077 0.076923 0 0 0
34.785 28.5385 30.8169 0.884615 0.153846 0 0 0
17.913 19.99 15.8696 0.884615 0.076923 0 0 0
23.2362 19.99 5.7272 0.961538 0.076923 0 0 0
45.1219 28.5385 11.1216 0.961538 0.153846 0 0 0
41.1492 28.5385 21.5968 0.923077 0.153846 0 0 0
23.2362 19.99 5.7272 0.961538 0.076923 0 0 0
41.1492 28.5385 21.5968 0.923077 0.153846 0 0 0
21.1904 19.99 11.1216 0.923077 0.076923 0 0 0
23.9316 19.99 0 1 0.076923 0 0 0
46.4723 28.5385 0 1 0.153846 0 0 0
45.1219 28.5385 11.1216 0.961538 0.153846 0 0 0
23.9316 19.99 0 1 0.076923 0 0 0
45.1219 28.5385 11.1216 0.961538 0.153846 0 0 0
23.2362 19.99 5.7272 0.961538 0.076923 0 0 0
45.1219 28.5385 -11.1216 0.038462 0.153846 0 0 0
64.3854 42.2331 -15.8696 0.038462 0.230769 0 0 0
66.3123 42.2331 0 0 0.230769 0 0 0
45.1219 28.5385 -11.1216 0.038462 0.153846 0 0 0
66.3123 42.2331 0 0 0.230769 0 0 0
46.4723 28.5385 0 0 0.153846 0 0 0
41.1492 28.5385 -21.5968 0.076923 0.153846 0 0 0
58.7166 42.2331 -30.8168 0.076923 0.230769 0 0 0
64.3854 42.2331 -15.8696 0.038462 0.230769 0 0 0
41.1492 28.5385 -21.5968 0.076923 0.153846 0 0 0
64.3854 42.2331 -15.8696 0.038462 0.230769 0 0 0
45.1219 28.5385 -11.1216 0.038462 0.153846 0 0 0
34.785 28.5385 -30.8168 0.115385 0.153846 0 0 0
49.6354 42.2331 -43.9732 0.115385 0.230769 0 0 0
58.7166 42.2331 -30.8168 0.076923 0.230769 0 0 0
34.785 28.5385 -30.8168 0.115385 0.153846 0 0 0
58.7166 42.2331 -30.8168 0.076923 0.230769 0 0 0
41.1492 28.5385 -21.5968 0.076923 0.153846 0 0 0
26.3993 28.5385 -38.246 0.153846 0.153846 0 0 0
37.6697 42.2331 -54.5739 0.153846 0.230769 0 0 0
49.6354 42.2331 -43.9732 0.115385 0.230769 0 0 0
26.3993 28.5385 -38.246 0.153846 0.153846 0 0 0
49.6354 42.2331 -43.9732 0.115385 0.230769 0 0 0
34.785 28.5385 -30.8168 0.115385 0.153846 0 0 0
16.4793 28.5385 -43.4524 0.192308 0.153846 0 0 0
23.5147 42.2331 -62.003 0.192308 0.230769 0 0 0
37.6697 42.2331 -54.5739 0.153846 0.230769 0 0 0
16.4793 28.5385 -43.4524 0.192308 0.153846 0 0 0
37.6697 42.2331 -54.5739 0.153846 0.230769 0 0 0
26.3993 28.5385 -38.246 0.153846 0.153846 0 0 0
5.60162 28.5385 -46.1335 0.230769 0.153846 0 0 0
7.99306 42.2331 -65.8288 0.230769 0.230769 0 0 0
23.5147 42.2331 -62.003 0.192308 0.230769 0 0 0
5.60162 28.5385 -46.1335 0.230769 0.153846 0 0 0
23.5147 42.2331 -62.003 0.192308 0.230769 0 0 0
16.4793 28.5385 -43.4524 0.192308 0.153846 0 0 0
-5.60162 28.5385 -46.1335 0.269231 0.153846 0 0 0
-7.99306 42.2331 -65.8288 0.269231 0.230769 0 0 0
7.99306 42.2331 -65.8288 0.230769 0.230769 0 0 0
-5.60162 28.5385 -46.1335 0.269231 0.153846 0 0 0
7.99306 42.2331 -65.8288 0.230769 0.230769 0 0 0
5.60162 28.5385 -46.1335 0.230769 0.153846 0 0 0
-16.4793 28.5385 -43.4524 0.307692 0.153846 0 0 0
-23.5147 42.2331 -62.003 0.307692 0.230769 0 0 0
-7.99306 42.2331 -65.8288 0.269231 0.230769 0 0 0
-16.4793 28.5385 -43.4524 0.307692 0.153846 0 0 0
-7.99306 42.2331 -65.8288 0.269231 0.230769 0 0 0
-5.60162 28.5385 -46.1335 0.269231 0.153846 0 0 0
-26.3993 28.5385 -38.246 0.346154 0.153846 0 0 0
-37.6697 42.2331 -54.5739 0.346154 0.230769 0 0 0
-23.5147 42.2331 -62.003 0.307692 0.230769 0 0 0
-26.3993 28.5385 -38.246 0.346154 0.153846 0 0 0
-23.5147 42.2331 -62.003 0.307692 0.230769 0 0 0
-16.4793 28.5385 -43.4524 0.307692 0.153846 0 0 0
-34.785 28.5385 -30.8168 0.384615 0.153846 0 0 0
-49.6354 42.2331 -43.9732 0.384615 0.230769 0 0 0
-37.6697 42.2331 -54.5739 0.346154 0.230769 0 0 0
-34.785 28.5385 -30.8168 0.384615 0.153846 0 0 0
-37.6697 42.2331 -54.5739 0.346154 0.230769 0 0 0
-26.3993 28.5385 -38.246 0.346154 0.153846 0 0 0
-41.1492 28.5385 -21.5968 0.423077 0.153846 0 0 0
-58.7166 42.2331 -30.8169 0.423077 0.230769 0 0 0
-49.6354 42.2331 -43.9732 0.384615 0.230769 0 0 0
-41.1492 28.5385 -21.5968 0.423077 0.153846 0 0 0
-49.6354 42.2331 -43.9732 0.384615 0.230769 0 0 0
-34.785 28.5385 -30.8168 0.384615 0.153846 0 0 0
-45.1219 28.5385 -11.1216 0.461538 0.153846 0 0 0
-64.3854 42.2331 -15.8696 0.461538 0.230769 0 0 0
-58.7166 42.2331 -30.8169 0.423077 0.230769 0 0 0
-45.1219 28.5385 -11.1216 0.461538 0.153846 0 0 0
-58.7166 42.2331 -30.8169 0.423077 0.230769 0 0 0
-41.1492 28.5385 -21.5968 0.423077 0.153846 0 0 0
-46.4723 28.5385 4e-006 0.5 0.153846 0 0 0
-66.3123 42.2331 6e-006 0.5 0.230769 0 0 0
-64.3854 42.2331 -15.8696 0.461538 0.230769 0 0 0
-46.4723 28.5385 4e-006 0.5 0.153846 0 0 0
-64.3854 42.2331 -15.8696 0.461538 0.230769 0 0 0
-45.1219 28.5385 -11.1216 0.461538 0.153846 0 0 0
-45.1219 28.5385 11.1216 0.538462 0.153846 0 0 0
-64.3854 42.2331 15.8696 0.538462 0.230769 0 0 0
-66.3123 42.2331 6e-006 0.5 0.230769 0 0 0
-45.1219 28.5385 11.1216 0.538462 0.153846 0 0 0
-66.3123 42.2331 6e-006 0.5 0.230769 0 0 0
-46.4723 28.5385 4e-006 0.5 0.153846 0 0 0
-41.1492 28.5385 21.5968 0.576923 0.153846 0 0 0
-58.7166 42.2331 30.8168 0.576923 0.230769 0 0 0
-64.3854 42.2331 15.8696 0.538462 0.230769 0 0 0
-41.1492 28.5385 21.5968 0.576923 0.153846 0 0 0
-64.3854 42.2331 15.8696 0.538462 0.230769 0 0 0
-45.1219 28.5385 11.1216 0.538462 0.153846 0 0 0
-34.785 28.5385 30.8168 0.615385 0.153846 0 0 0
-49.6354 42.2331 43.9732 0.615385 0.230769 0 0 0
-58.7166 42.2331 30.8168 0.576923 0.230769 0 0 0
-34.785 28.5385 30.8168 0.615385 0.153846 0 0 0
-58.7166 42.2331 30.8168 0.576923 0.230769 0 0 0
-41.1492 28.5385 21.5968 0.576923 0.153846 0 0 0
-26.3993 28.5385 38.246 0.653846 0.153846 0 0 0
-37.6697 42.2331 54.5739 0.653846 0.230769 0 0 0
-49.6354 42.2331 43.9732 0.615385 0.230769 0 0 0
-26.3993 28.5385 38.246 0.653846 0.153846 0 0 0
-49.6354 42.2331 43.9732 0.615385 0.230769 0 0 0
-34.785 28.5385 30.8168 0.615385 0.153846 0 0 0
-16.4793 28.5385 43.4524 0.692308 0.153846 0 0 0
-23.5147 42.2331 62.003 0.692308 0.230769 0 0 0
-37.6697 42.2331 54.5739 0.653846 0.230769 0 0 0
-16.4793 28.5385 43.4524 0.692308 0.153846 0 0 0
-37.6697 42.2331 54.5739 0.653846 0.230769 0 0 0
-26.3993 28.5385 38.246 0.653846 0.153846 0 0 0
-5.60162 28.5385 46.1335 0.730769 0.153846 0 0 0
-7.99306 42.2331 65.8288 0.730769 0.230769 0 0 0
-23.5147 42.2331 62.003 0.692308 0.230769 0 0 0
-5.60162 28.5385 46.1335 0.730769 0.153846 0 0 0
-23.5147 42.2331 62.003 0.692308 0.230769 0 0 0
-16.4793 28.5385 43.4524 0.692308 0.153846 0 0 0
5.60162 28.5385 46.1335 0.769231 0.153846 0 0 0
7.99306 42.2331 65.8288 0.769231 0.230769 0 0 0
-7.99306 42.2331 65.8288 0.730769 0.230769 0 0 0
5.60162 28.5385 46.1335 0.769231 0.153846 0 0 0
-7.99306 42.2331 65.8288 0.730769 0.230769 0 0 0
-5.60162 28.5385 46.1335 0.730769 0.153846 0 0 0
16.4793 28.5385 43.4524 0.807692 0.153846 0 0 0
23.5147 42.2331 62.003 0.807692 0.230769 0 0 0
7.99306 42.2331 65.8288 0.769231 0.230769 0 0 0
16.4793 28.5385 43.4524 0.807692 0.153846 0 0 0
7.99306 42.2331 65.8288 0.769231 0.230769 0 0 0
5.60162 28.5385 46.1335 0.769231 0.153846 0 0 0
26.3993 28.5385 38.246 0.846154 0.153846 0 0 0
37.6696 42.2331 54.5739 0.846154 0.230769 0 0 0
23.5147 42.2331 62.003 0.807692 0.230769 0 0 0
26.3993 28.5385 38.246 0.846154 0.153846 0 0 0
23.5147 42.2331 62.003 0.807692 0.230769 0 0 0
16.4793 28.5385 43.4524 0.807692 0.153846 0 0 0
34.785 28.5385 30.8169 0.884615 0.153846 0 0 0
49.6354 42.2331 43.9732 0.884615 0.230769 0 0 0
37.6696 42.2331 54.5739 0.846154 0.230769 0 0 0
34.785 28.5385 30.8169 0.884615 0.153846 0 0 0
37.6696 42.2331 54.5739 0.846154 0.230769 0 0 0
26.3993 28.5385 38.246 0.846154 0.153846 0 0 0
41.1492 28.5385 21.5968 0.923077 0.153846 0 0 0
58.7166 42.2331 30.8168 0.923077 0.230769 0 0 0
49.6354 42.2331 43.9732 0.884615 0.230769 0 0 0
41.1492 28.5385 21.5968 0.923077 0.153846 0 0 0
49.6354 42.2331 43.9732 0.884615 0.230769 0 0 0
34.785 28.5385 30.8169 0.884615 0.153846 0 0 0
45.1219 28.5385 11.1216 0.961538 0.153846 0 0 0
64.3854 42.2331 15.8696 0.961538 0.230769 0 0 0
58.7166 42.2331 30.8168 0.923077 0.230769 0 0 0
45.1219 28.5385 11.1216 0.961538 0.153846 0 0 0
58.7166 42.2331 30.8168 0.923077 0.230769 0 0 0
41.1492 28.5385 21.5968 0.923077 0.153846 0 0 0
46.4723 28.5385 0 1 0.153846 0 0 0
66.3123 42.2331 0 1 0.230769 0 0 0
64.3854 42.2331 15.8696 0.961538 0.230769 0 0 0
46.4723 28.5385 0 1 0.153846 0 0 0
64.3854 42.2331 15.8696 0.961538 0.230769 0 0 0
45.1219 28.5385 11.1216 0.961538 0.153846 0 0 0
64.3854 42.2331 -15.8696 0.038462 0.230769 0 0 0
79.9069 60.2777 -19.6953 0.038462 0.307692 0 0 0
82.2984 60.2777 0 0 0.307692 0 0 0
64.3854 42.2331 -15.8696 0.038462 0.230769 0 0 0
82.2984 60.2777 0 0 0.307692 0 0 0
66.3123 42.2331 0 0 0.230769 0 0 0
58.7166 42.2331 -30.8168 0.076923 0.230769 0 0 0
72.8716 60.2777 -38.246 0.076923 0.307692 0 0 0
79.9069 60.2777 -19.6953 0.038462 0.307692 0 0 0
58.7166 42.2331 -30.8168 0.076923 0.230769 0 0 0
79.9069 60.2777 -19.6953 0.038462 0.307692 0 0 0
64.3854 42.2331 -15.8696 0.038462 0.230769 0 0 0
49.6354 42.2331 -43.9732 0.115385 0.230769 0 0 0
61.6012 60.2777 -54.5739 0.115385 0.307692 0 0 0
72.8716 60.2777 -38.246 0.076923 0.307692 0 0 0
49.6354 42.2331 -43.9732 0.115385 0.230769 0 0 0
72.8716 60.2777 -38.246 0.076923 0.307692 0 0 0
58.7166 42.2331 -30.8168 0.076923 0.230769 0 0 0
37.6697 42.2331 -54.5739 0.153846 0.230769 0 0 0
46.7508 60.2777 -67.7302 0.153846 0.307692 0 0 0
61.6012 60.2777 -54.5739 0.115385 0.307692 0 0 0
37.6697 42.2331 -54.5739 0.153846 0.230769 0 0 0
61.6012 60.2777 -54.5739 0.115385 0.307692 0 0 0
49.6354 42.2331 -43.9732 0.115385 0.230769 0 0 0
23.5147 42.2331 -62.003 0.192308 0.230769 0 0 0
29.1834 60.2777 -76.9503 0.192308 0.307692 0 0 0
46.7508 60.2777 -67.7302 0.153846 0.307692 0 0 0
23.5147 42.2331 -62.003 0.192308 0.230769 0 0 0
46.7508 60.2777 -67.7302 0.153846 0.307692 0 0 0
37.6697 42.2331 -54.5739 0.153846 0.230769 0 0 0
7.99306 42.2331 -65.8288 0.230769 0.230769 0 0 0
9.91997 60.2777 -81.6983 0.230769 0.307692 0 0 0
29.1834 60.2777 -76.9503 0.192308 0.307692 0 0 0
7.99306 42.2331 -65.8288 0.230769 0.230769 0 0 0
29.1834 60.2777 -76.9503 0.192308 0.307692 0 0 0
23.5147 42.2331 -62.003 0.192308 0.230769 0 0 0
-7.99306 42.2331 -65.8288 0.269231 0.230769 0 0 0
-9.91997 60.2777 -81.6983 0.269231 0.307692 0 0 0
9.91997 60.2777 -81.6983 0.230769 0.307692 0 0 0
-7.99306 42.2331 -65.8288 0.269231 0.230769 0 0 0
9.91997 60.2777 -81.6983 0.230769 0.307692 0 0 0
7.99306 42.2331 -65.8288 0.230769 0.230769 0 0 0
-23.5147 42.2331 -62.003 0.307692 0.230769 0 0 0
-29.1834 60.2777 -76.9503 0.307692 0.307692 0 0 0
-9.91997 60.2777 -81.6983 0.269231 0.307692 0 0 0
-23.5147 42.2331 -62.003 0.307692 0.230769 0 0 0
-9.91997 60.2777 -81.6983 0.269231 0.307692 0 0 0
-7.99306 42.2331 -65.8288 0.269231 0.230769 0 0 0
-37.6697 42.2331 -54.5739 0.346154 0.230769 0 0 0
-46.7508 60.2777 -67.7302 0.346154 0.307692 0 0 0
-29.1834 60.2777 -76.9503 0.307692 0.307692 0 0 0
-37.6697 42.2331 -54.5739 0.346154 0.230769 0 0 0
-29.1834 60.2777 -76.9503 0.307692 0.307692 0 0 0
-23.5147 42.2331 -62.003 0.307692 0.230769 0 0 0
-49.6354 42.2331 -43.9732 0.384615 0.230769 0 0 0
-61.6012 60.2777 -54.5739 0.384615 0.307692 0 0 0
-46.7508 60.2777 -67.7302 0.346154 0.307692 0 0 0
-49.6354 42.2331 -43.9732 0.384615 0.230769 0 0 0
-46.7508 60.2777 -67.7302 0.346154 0.307692 0 0 0
-37.6697 42.2331 -54.5739 0.346154 0.230769 0 0 0
-58.7166 42.2331 -30.8169 0.423077 0.230769 0 0 0
-72.8716 60.2777 -38.246 0.423077 0.307692 0 0 0
-61.6012 60.2777 -54.5739 0.384615 0.307692 0 0 0
-58.7166 42.2331 -30.8169 0.423077 0.230769 0 0 0
-61.6012 60.2777 -54.5739 0.384615 0.307692 0 0 0
-49.6354 42.2331 -43.9732 0.384615 0.230769 0 0 0
-64.3854 42.2331 -15.8696 0.461538 0.230769 0 0 0
-79.9069 60.2777 -19.6953 0.461538 0.307692 0 0 0
-72.8716 60.2777 -38.246 0.423077 0.307692 0 0 0
-64.3854 42.2331 -15.8696 0.461538 0.230769 0 0 0
-72.8716 60.2777 -38.246 0.423077 0.307692 0 0 0
-58.7166 42.2331 -30.8169 0.423077 0.230769 0 0 0
-66.3123 42.2331 6e-006 0.5 0.230769 0 0 0
-82.2984 60.2777 7e-006 0.5 0.307692 0 0 0
-79.9069 60.2777 -19.6953 0.461538 0.307692 0 0 0
-66.3123 42.2331 6e-006 0.5 0.230769 0 0 0
-79.9069 60.2777 -19.6953 0.461538 0.307692 0 0 0
-64.3854 42.2331 -15.8696 0.461538 0.230769 0 0 0
-64.3854 42.2331 15.8696 0.538462 0.230769 0 0 0
-79.9069 60.2777 19.6953 0.538462 0.307692 0 0 0
-82.2984 60.2777 7e-006 0.5 0.307692 0 0 0
-64.3854 42.2331 15.8696 0.538462 0.230769 0 0 0
-82.2984 60.2777 7e-006 0.5 0.307692 0 0 0
-66.3123 42.2331 6e-006 0.5 0.230769 0 0 0
-58.7166 42.2331 30.8168 0.576923 0.230769 0 0 0
-72.8716 60.2777 38.246 0.576923 0.307692 0 0 0
-79.9069 60.2777 19.6953 0.538462 0.307692 0 0 0
-58.7166 42.2331 30.8168 0.576923 0.230769 0 0 0
-79.9069 60.2777 19.6953 0.538462 0.307692 0 0 0
-64.3854 42.2331 15.8696 0.538462 0.230769 0 0 0
-49.6354 42.2331 43.9732 0.615385 0.230769 0 0 0
-61.6012 60.2777 54.5739 0.615385 0.307692 0 0 0
-72.8716 60.2777 38.246 0.576923 0.307692 0 0 0
-49.6354 42.2331 43.9732 0.615385 0.230769 0 0 0
-72.8716 60.2777 38.246 0.576923 0.307692 0 0 0
-58.7166 42.2331 30.8168 0.576923 0.230769 0 0 0
-37.6697 42.2331 54.5739 0.653846 0.230769 0 0 0
-46.7508 60.2777 67.7302 0.653846 0.307692 0 0 0
-61.6012 60.2777 54.5739 0.615385 0.307692 0 0 0
-37.6697 42.2331 54.5739 0.653846 0.230769 0 0 0
-61.6012 60.2777 54.5739 0.615385 0.307692 0 0 0
-49.6354 42.2331 43.9732 0.615385 0.230769 0 0 0
-23.5147 42.2331 62.003 0.692308 0.230769 0 0 0
-29.1834 60.2777 76.9503 0.692308 0.307692 0 0 0
-46.7508 60.2777 67.7302 0.653846 0.307692 0 0 0
-23.5147 42.2331 62.003 0.692308 0.230769 0 0 0
-46.7508 60.2777 67.7302 0.653846 0.307692 0 0 0
-37.6697 42.2331 54.5739 0.653846 0.230769 0 0 0
-7.99306 42.2331 65.8288 0.730769 0.230769 0 0 0
-9.91998 60.2777 81.6983 0.730769 0.307692 0 0 0
-29.1834 60.2777 76.9503 0.692308 0.307692 0 0 0
-7.99306 42.2331 65.8288 0.730769 0.230769 0 0 0
-29.1834 60.2777 76.9503 0.692308 0.307692 0 0 0
-23.5147 42.2331 62.003 0.692308 0.230769 0 0 0
7.99306 42.2331 65.8288 0.769231 0.230769 0 0 0
9.91998 60.2777 81.6983 0.769231 0.307692 0 0 0
-9.91998 60.2777 81.6983 0.730769 0.307692 0 0 0
7.99306 42.2331 65.8288 0.769231 0.230769 0 0 0
-9.91998 60.2777 81.6983 0.730769 0.307692 0 0 0
-7.99306 42.2331 65.8288 0.730769 0.230769 0 0 0
23.5147 42.2331 62.003 0.807692 0.230769 0 0 0
29.1834 60.2777 76.9503 0.807692 0.307692 0 0 0
9.91998 60.2777 81.6983 0.769231 0.307692 0 0 0
23.5147 42.2331 62.003 0.807692 0.230769 0 0 0
9.91998 60.2777 81.6983 0.769231 0.307692 0 0 0
7.99306 42.2331 65.8288 0.769231 0.230769 0 0 0
37.6696 42.2331 54.5739 0.846154 0.230769 0 0 0
46.7508 60.2777 67.7303 0.846154 0.307692 0 0 0
29.1834 60.2777 76.9503 0.807692 0.307692 0 0 0
37.6696 42.2331 54.5739 0.846154 0.230769 0 0 0
29.1834 60.2777 76.9503 0.807692 0.307692 0 0 0
23.5147 42.2331 62.003 0.807692 0.230769 0 0 0
49.6354 42.2331 43.9732 0.884615 0.230769 0 0 0
61.6012 60.2777 54.5739 0.884615 0.307692 0 0 0
46.7508 60.2777 67.7303 0.846154 0.307692 0 0 0
49.6354 42.2331 43.9732 0.884615 0.230769 0 0 0
46.7508 60.2777 67.7303 0.846154 0.307692 0 0 0
37.6696 42.2331 54.5739 0.846154 0.230769 0 0 0
58.7166 42.2331 30.8168 0.923077 0.230769 0 0 0
72.8716 60.2777 38.246 0.923077 0.307692 0 0 0
61.6012 60.2777 54.5739 0.884615 0.307692 0 0 0
58.7166 42.2331 30.8168 0.923077 0.230769 0 0 0
61.6012 60.2777 54.5739 0.884615 0.307692 0 0 0
49.6354 42.2331 43.9732 0.884615 0.230769 0 0 0
64.3854 42.2331 15.8696 0.961538 0.230769 0 0 0
79.9069 60.2777 19.6953 0.961538 0.307692 0 0 0
72.8716 60.2777 38.246 0.923077 0.307692 0 0 0
64.3854 42.2331 15.8696 0.961538 0.230769 0 0 0
72.8716 60.2777 38.246 0.923077 0.307692 0 0 0
58.7166 42.2331 30.8168 0.923077 0.230769 0 0 0
66.3123 42.2331 0 1 0.230769 0 0 0
82.2984 60.2777 0 1 0.307692 0 0 0
79.9069 60.2777 19.6953 0.961538 0.307692 0 0 0
66.3123 42.2331 0 1 0.230769 0 0 0
79.9069 60.2777 19.6953 0.961538 0.307692 0 0 0
64.3854 42.2331 15.8696 0.961538 0.230769 0 0 0
79.9069 60.2777 -19.6953 0.038462 0.307692 0 0 0
90.7846 81.6236 -22.3764 0.038462 0.384615 0 0 0
93.5016 81.6236 0 0 0.384615 0 0 0
79.9069 60.2777 -19.6953 0.038462 0.307692 0 0 0
93.5016 81.6236 0 0 0.384615 0 0 0
82.2984 60.2777 0 0 0.307692 0 0 0
72.8716 60.2777 -38.246 0.076923 0.307692 0 0 0
82.7916 81.6236 -43.4524 0.076923 0.384615 0 0 0
90.7846 81.6236 -22.3764 0.038462 0.384615 0 0 0
72.8716 60.2777 -38.246 0.076923 0.307692 0 0 0
90.7846 81.6236 -22.3764 0.038462 0.384615 0 0 0
79.9069 60.2777 -19.6953 0.038462 0.307692 0 0 0
61.6012 60.2777 -54.5739 0.115385 0.307692 0 0 0
69.987 81.6236 -62.003 0.115385 0.384615 0 0 0
82.7916 81.6236 -43.4524 0.076923 0.384615 0 0 0
61.6012 60.2777 -54.5739 0.115385 0.307692 0 0 0
82.7916 81.6236 -43.4524 0.076923 0.384615 0 0 0
72.8716 60.2777 -38.246 0.076923 0.307692 0 0 0
46.7508 60.2777 -67.7302 0.153846 0.307692 0 0 0
53.115 81.6236 -76.9503 0.153846 0.384615 0 0 0
69.987 81.6236 -62.003 0.115385 0.384615 0 0 0
46.7508 60.2777 -67.7302 0.153846 0.307692 0 0 0
69.987 81.6236 -62.003 0.115385 0.384615 0 0 0
61.6012 60.2777 -54.5739 0.115385 0.307692 0 0 0
29.1834 60.2777 -76.9503 0.192308 0.307692 0 0 0
33.1561 81.6236 -87.4255 0.192308 0.384615 0 0 0
53.115 81.6236 -76.9503 0.153846 0.384615 0 0 0
29.1834 60.2777 -76.9503 0.192308 0.307692 0 0 0
53.115 81.6236 -76.9503 0.153846 0.384615 0 0 0
46.7508 60.2777 -67.7302 0.153846 0.307692 0 0 0
9.91997 60.2777 -81.6983 0.230769 0.307692 0 0 0
11.2704 81.6236 -92.8199 0.230769 0.384615 0 0 0
33.1561 81.6236 -87.4255 0.192308 0.384615 0 0 0
9.91997 60.2777 -81.6983 0.230769 0.307692 0 0 0
33.1561 81.6236 -87.4255 0.192308 0.384615 0 0 0
29.1834 60.2777 -76.9503 0.192308 0.307692 0 0 0
-9.91997 60.2777 -81.6983 0.269231 0.307692 0 0 0
-11.2704 81.6236 -92.8199 0.269231 0.384615 0 0 0
11.2704 81.6236 -92.8199 0.230769 0.384615 0 0 0
-9.91997 60.2777 -81.6983 0.269231 0.307692 0 0 0
11.2704 81.6236 -92.8199 0.230769 0.384615 0 0 0
9.91997 60.2777 -81.6983 0.230769 0.307692 0 0 0
-29.1834 60.2777 -76.9503 0.307692 0.307692 0 0 0
-33.1561 81.6236 -87.4255 0.307692 0.384615 0 0 0
-11.2704 81.6236 -92.8199 0.269231 0.384615 0 0 0
-29.1834 60.2777 -76.9503 0.307692 0.307692 0 0 0
-11.2704 81.6236 -92.8199 0.269231 0.384615 0 0 0
-9.91997 60.2777 -81.6983 0.269231 0.307692 0 0 0
-46.7508 60.2777 -67.7302 0.346154 0.307692 0 0 0
-53.115 81.6236 -76.9503 0.346154 0.384615 0 0 0
-33.1561 81.6236 -87.4255 0.307692 0.384615 0 0 0
-46.7508 60.2777 -67.7302 0.346154 0.307692 0 0 0
-33.1561 81.6236 -87.4255 0.307692 0.384615 0 0 0
-29.1834 60.2777 -76.9503 0.307692 0.307692 0 0 0
-61.6012 60.2777 -54.5739 0.384615 0.307692 0 0 0
-69.987 81.6236 -62.003 0.384615 0.384615 0 0 0
-53.115 81.6236 -76.9503 0.346154 0.384615 0 0 0
-61.6012 60.2777 -54.5739 0.384615 0.307692 0 0 0
-53.115 81.6236 -76.9503 0.346154 0.384615 0 0 0
-46.7508 60.2777 -67.7302 0.346154 0.307692 0 0 0
-72.8716 60.2777 -38.246 0.423077 0.307692 0 0 0
-82.7916 81.6236 -43.4524 0.423077 0.384615 0 0 0
-69.987 81.6236 -62.003 0.384615 0.384615 0 0 0
-72.8716 60.2777 -38.246 0.423077 0.307692 0 0 0
-69.987 81.6236 -62.003 0.384615 0.384615 0 0 0
-61.6012 60.2777 -54.5739 0.384615 0.307692 0 0 0
-79.9069 60.2777 -19.6953 0.461538 0.307692 0 0 0
-90.7846 81.6236 -22.3764 0.461538 0.384615 0 0 0
-82.7916 81.6236 -43.4524 0.423077 0.384615 0 0 0
-79.9069 60.2777 -19.6953 0.461538 0.307692 0 0 0
-82.7916 81.6236 -43.4524 0.423077 0.384615 0 0 0
-72.8716 60.2777 -38.246 0.423077 0.307692 0 0 0
-82.2984 60.2777 7e-006 0.5 0.307692 0 0 0
-93.5016 81.6236 8e-006 0.5 0.384615 0 0 0
-90.7846 81.6236 -22.3764 0.461538 0.384615 0 0 0
-82.2984 60.2777 7e-006 0.5 0.307692 0 0 0
-90.7846 81.6236 -22.3764 0.461538 0.384615 0 0 0
-79.9069 60.2777 -19.6953 0.461538 0.307692 0 0 0
-79.9069 60.2777 19.6953 0.538462 0.307692 0 0 0
-90.7846 81.6236 22.3764 0.538462 0.384615 0 0 0
-93.5016 81.6236 8e-006 0.5 0.384615 0 0 0
-79.9069 60.2777 19.6953 0.538462 0.307692 0 0 0
-93.5016 81.6236 8e-006 0.5 0.384615 0 0 0
-82.2984 60.2777 7e-006 0.5 0.307692 0 0 0
-72.8716 60.2777 38.246 0.576923 0.307692 0 0 0
-82.7916 81.6236 43.4524 0.576923 0.384615 0 0 0
-90.7846 81.6236 22.3764 0.538462 0.384615 0 0 0
-72.8716 60.2777 38.246 0.576923 0.307692 0 0 0
-90.7846 81.6236 22.3764 0.538462 0.384615 0 0 0
-79.9069 60.2777 19.6953 0.538462 0.307692 0 0 0
-61.6012 60.2777 54.5739 0.615385 0.307692 0 0 0
-69.987 81.6236 62.003 0.615385 0.384615 0 0 0
-82.7916 81.6236 43.4524 0.576923 0.384615 0 0 0
-61.6012 60.2777 54.5739 0.615385 0.307692 0 0 0
-82.7916 81.6236 43.4524 0.576923 0.384615 0 0 0
-72.8716 60.2777 38.246 0.576923 0.307692 0 0 0
-46.7508 60.2777 67.7302 0.653846 0.307692 0 0 0
-53.115 81.6236 76.9503 0.653846 0.384615 0 0 0
-69.987 81.6236 62.003 0.615385 0.384615 0 0 0
-46.7508 60.2777 67.7302 0.653846 0.307692 0 0 0
-69.987 81.6236 62.003 0.615385 0.384615 0 0 0
-61.6012 60.2777 54.5739 0.615385 0.307692 0 0 0
-29.1834 60.2777 76.9503 0.692308 0.307692 0 0 0
-33.1561 81.6236 87.4255 0.692308 0.384615 0 0 0
-53.115 81.6236 76.9503 0.653846 0.384615 0 0 0
-29.1834 60.2777 76.9503 0.692308 0.307692 0 0 0
-53.115 81.6236 76.9503 0.653846 0.384615 0 0 0
-46.7508 60.2777 67.7302 0.653846 0.307692 0 0 0
-9.91998 60.2777 81.6983 0.730769 0.307692 0 0 0
-11.2704 81.6236 92.8199 0.730769 0.384615 0 0 0
-33.1561 81.6236 87.4255 0.692308 0.384615 0 0 0
-9.91998 60.2777 81.6983 0.730769 0.307692 0 0 0
-33.1561 81.6236 87.4255 0.692308 0.384615 0 0 0
-29.1834 60.2777 76.9503 0.692308 0.307692 0 0 0
9.91998 60.2777 81.6983 0.769231 0.307692 0 0 0
11.2704 81.6236 92.8199 0.769231 0.384615 0 0 0
-11.2704 81.6236 92.8199 0.730769 0.384615 0 0 0
9.91998 60.2777 81.6983 0.769231 0.307692 0 0 0
-11.2704 81.6236 92.8199 0.730769 0.384615 0 0 0
-9.91998 60.2777 81.6983 0.730769 0.307692 0 0 0
29.1834 60.2777 76.9503 0.807692 0.307692 0 0 0
33.1561 81.6236 87.4255 0.807692 0.384615 0 0 0
11.2704 81.6236 92.8199 0.769231 0.384615 0 0 0
29.1834 60.2777 76.9503 0.807692 0.307692 0 0 0
11.2704 81.6236 92.8199 0.769231 0.384615 0 0 0
9.91998 60.2777 81.6983 0.769231 0.307692 0 0 0
46.7508 60.2777 67.7303 0.846154 0.307692 0 0 0
53.115 81.6236 76.9503 0.846154 0.384615 0 0 0
33.1561 81.6236 87.4255 0.807692 0.384615 0 0 0
46.7508 60.2777 67.7303 0.846154 0.307692 0 0 0
33.1561 81.6236 87.4255 0.807692 0.384615 0 0 0
29.1834 60.2777 76.9503 0.807692 0.307692 0 0 0
61.6012 60.2777 54.5739 0.884615 0.307692 0 0 0
69.987 81.6236 62.0031 0.884615 0.384615 0 0 0
53.115 81.6236 76.9503 0.846154 0.384615 0 0 0
61.6012 60.2777 54.5739 0.884615 0.307692 0 0 0
53.115 81.6236 76.9503 0.846154 0.384615 0 0 0
46.7508 60.2777 67.7303 0.846154 0.307692 0 0 0
72.8716 60.2777 38.246 0.923077 0.307692 0 0 0
82.7916 81.6236 43.4524 0.923077 0.384615 0 0 0
69.987 81.6236 62.0031 0.884615 0.384615 0 0 0
72.8716 60.2777 38.246 0.923077 0.307692 0 0 0
69.987 81.6236 62.0031 0.884615 0.384615 0 0 0
61.6012 60.2777 54.5739 0.884615 0.307692 0 0 0
79.9069 60.2777 19.6953 0.961538 0.307692 0 0 0
90.7846 81.6236 22.3764 0.961538 0.384615 0 0 0
82.7916 81.6236 43.4524 0.923077 0.384615 0 0 0
79.9069 60.2777 19.6953 0.961538 0.307692 0 0 0
82.7916 81.6236 43.4524 0.923077 0.384615 0 0 0
72.8716 60.2777 38.246 0.923077 0.307692 0 0 0
82.2984 60.2777 0 1 0.307692 0 0 0
93.5016 81.6236 0 1 0.384615 0 0 0
90.7846 81.6236 22.3764 0.961538 0.384615 0 0 0
82.2984 60.2777 0 1 0.307692 0 0 0
90.7846 81.6236 22.3764 0.961538 0.384615 0 0 0
79.9069 60.2777 19.6953 0.961538 0.307692 0 0 0
90.7846 81.6236 -22.3764 0.038462 0.384615 0 0 0
96.3863 105.03 -23.7571 0.038462 0.461538 0 0 0
99.2709 105.03 0 0 0.461538 0 0 0
90.7846 81.6236 -22.3764 0.038462 0.384615 0 0 0
99.2709 105.03 0 0 0.461538 0 0 0
93.5016 81.6236 0 0 0.384615 0 0 0
82.7916 81.6236 -43.4524 0.076923 0.384615 0 0 0
87.9 105.03 -46.1335 0.076923 0.461538 0 0 0
96.3863 105.03 -23.7571 0.038462 0.461538 0 0 0
82.7916 81.6236 -43.4524 0.076923 0.384615 0 0 0
96.3863 105.03 -23.7571 0.038462 0.461538 0 0 0
90.7846 81.6236 -22.3764 0.038462 0.384615 0 0 0
69.987 81.6236 -62.003 0.115385 0.384615 0 0 0
74.3053 105.03 -65.8288 0.115385 0.461538 0 0 0
87.9 105.03 -46.1335 0.076923 0.461538 0 0 0
69.987 81.6236 -62.003 0.115385 0.384615 0 0 0
87.9 105.03 -46.1335 0.076923 0.461538 0 0 0
82.7916 81.6236 -43.4524 0.076923 0.384615 0 0 0
53.115 81.6236 -76.9503 0.153846 0.384615 0 0 0
56.3923 105.03 -81.6983 0.153846 0.461538 0 0 0
74.3053 105.03 -65.8288 0.115385 0.461538 0 0 0
53.115 81.6236 -76.9503 0.153846 0.384615 0 0 0
74.3053 105.03 -65.8288 0.115385 0.461538 0 0 0
69.987 81.6236 -62.003 0.115385 0.384615 0 0 0
33.1561 81.6236 -87.4255 0.192308 0.384615 0 0 0
35.2019 105.03 -92.8199 0.192308 0.461538 0 0 0
56.3923 105.03 -81.6983 0.153846 0.461538 0 0 0
33.1561 81.6236 -87.4255 0.192308 0.384615 0 0 0
56.3923 105.03 -81.6983 0.153846 0.461538 0 0 0
53.115 81.6236 -76.9503 0.153846 0.384615 0 0 0
11.2704 81.6236 -92.8199 0.230769 0.384615 0 0 0
11.9658 105.03 -98.5471 0.230769 0.461538 0 0 0
35.2019 105.03 -92.8199 0.192308 0.461538 0 0 0
11.2704 81.6236 -92.8199 0.230769 0.384615 0 0 0
35.2019 105.03 -92.8199 0.192308 0.461538 0 0 0
33.1561 81.6236 -87.4255 0.192308 0.384615 0 0 0
-11.2704 81.6236 -92.8199 0.269231 0.384615 0 0 0
-11.9658 105.03 -98.5471 0.269231 0.461538 0 0 0
11.9658 105.03 -98.5471 0.230769 0.461538 0 0 0
-11.2704 81.6236 -92.8199 0.269231 0.384615 0 0 0
11.9658 105.03 -98.5471 0.230769 0.461538 0 0 0
11.2704 81.6236 -92.8199 0.230769 0.384615 0 0 0
-33.1561 81.6236 -87.4255 0.307692 0.384615 0 0 0
-35.2019 105.03 -92.8199 0.307692 0.461538 0 0 0
-11.9658 105.03 -98.5471 0.269231 0.461538 0 0 0
-33.1561 81.6236 -87.4255 0.307692 0.384615 0 0 0
-11.9658 105.03 -98.5471 0.269231 0.461538 0 0 0
-11.2704 81.6236 -92.8199 0.269231 0.384615 0 0 0
-53.115 81.6236 -76.9503 0.346154 0.384615 0 0 0
-56.3923 105.03 -81.6983 0.346154 0.461538 0 0 0
-35.2019 105.03 -92.8199 0.307692 0.461538 0 0 0
-53.115 81.6236 -76.9503 0.346154 0.384615 0 0 0
-35.2019 105.03 -92.8199 0.307692 0.461538 0 0 0
-33.1561 81.6236 -87.4255 0.307692 0.384615 0 0 0
-69.987 81.6236 -62.003 0.384615 0.384615 0 0 0
-74.3053 105.03 -65.8288 0.384615 0.461538 0 0 0
-56.3923 105.03 -81.6983 0.346154 0.461538 0 0 0
-69.987 81.6236 -62.003 0.384615 0.384615 0 0 0
-56.3923 105.03 -81.6983 0.346154 0.461538 0 0 0
-53.115 81.6236 -76.9503 0.346154 0.384615 0 0 0
-82.7916 81.6236 -43.4524 0.423077 0.384615 0 0 0
-87.9 105.03 -46.1335 0.423077 0.461538 0 0 0
-74.3053 105.03 -65.8288 0.384615 0.461538 0 0 0
-82.7916 81.6236 -43.4524 0.423077 0.384615 0 0 0
-74.3053 105.03 -65.8288 0.384615 0.461538 0 0 0
-69.987 81.6236 -62.003 0.384615 0.384615 0 0 0
-90.7846 81.6236 -22.3764 0.461538 0.384615 0 0 0
-96.3863 105.03 -23.7571 0.461538 0.461538 0 0 0
-87.9 105.03 -46.1335 0.423077 0.461538 0 0 0
-90.7846 81.6236 -22.3764 0.461538 0.384615 0 0 0
-87.9 105.03 -46.1335 0.423077 0.461538 0 0 0
-82.7916 81.6236 -43.4524 0.423077 0.384615 0 0 0
-93.5016 81.6236 8e-006 0.5 0.384615 0 0 0
-99.2709 105.03 9e-006 0.5 0.461538 0 0 0
-96.3863 105.03 -23.7571 0.461538 0.461538 0 0 0
-93.5016 81.6236 8e-006 0.5 0.384615 0 0 0
-96.3863 105.03 -23.7571 0.461538 0.461538 0 0 0
-90.7846 81.6236 -22.3764 0.461538 0.384615 0 0 0
-90.7846 81.6236 22.3764 0.538462 0.384615 0 0 0
-96.3863 105.03 23.7571 0.538462 0.461538 0 0 0
-99.2709 105.03 9e-006 0.5 0.461538 0 0 0
-90.7846 81.6236 22.3764 0.538462 0.384615 0 0 0
-99.2709 105.03 9e-006 0.5 0.461538 0 0 0
-93.5016 81.6236 8e-006 0.5 0.384615 0 0 0
-82.7916 81.6236 43.4524 0.576923 0.384615 0 0 0
-87.9 105.03 46.1335 0.576923 0.461538 0 0 0
-96.3863 105.03 23.7571 0.538462 0.461538 0 0 0
-82.7916 81.6236 43.4524 0.576923 0.384615 0 0 0
-96.3863 105.03 23.7571 0.538462 0.461538 0 0 0
-90.7846 81.6236 22.3764 0.538462 0.384615 0 0 0
-69.987 81.6236 62.003 0.615385 0.384615 0 0 0
-74.3053 105.03 65.8288 0.615385 0.461538 0 0 0
-87.9 105.03 46.1335 0.576923 0.461538 0 0 0
-69.987 81.6236 62.003 0.615385 0.384615 0 0 0
-87.9 105.03 46.1335 0.576923 0.461538 0 0 0
-82.7916 81.6236 43.4524 0.576923 0.384615 0 0 0
-53.115 81.6236 76.9503 0.653846 0.384615 0 0 0
-56.3923 105.03 81.6983 0.653846 0.461538 0 0 0
-74.3053 105.03 65.8288 0.615385 0.461538 0 0 0
-53.115 81.6236 76.9503 0.653846 0.384615 0 0 0
-74.3053 105.03 65.8288 0.615385 0.461538 0 0 0
-69.987 81.6236 62.003 0.615385 0.384615 0 0 0
-33.1561 81.6236 87.4255 0.692308 0.384615 0 0 0
-35.202 105.03 92.8199 0.692308 0.461538 0 0 0
-56.3923 105.03 81.6983 0.653846 0.461538 0 0 0
-33.1561 81.6236 87.4255 0.692308 0.384615 0 0 0
-56.3923 105.03 81.6983 0.653846 0.461538 0 0 0
-53.115 81.6236 76.9503 0.653846 0.384615 0 0 0
-11.2704 81.6236 92.8199 0.730769 0.384615 0 0 0
-11.9658 105.03 98.5471 0.730769 0.461538 0 0 0
-35.202 105.03 92.8199 0.692308 0.461538 0 0 0
-11.2704 81.6236 92.8199 0.730769 0.384615 0 0 0
-35.202 105.03 92.8199 0.692308 0.461538 0 0 0
-33.1561 81.6236 87.4255 0.692308 0.384615 0 0 0
11.2704 81.6236 92.8199 0.769231 0.384615 0 0 0
11.9658 105.03 98.5471 0.769231 0.461538 0 0 0
-11.9658 105.03 98.5471 0.730769 0.461538 0 0 0
11.2704 81.6236 92.8199 0.769231 0.384615 0 0 0
-11.9658 105.03 98.5471 0.730769 0.461538 0 0 0
-11.2704 81.6236 92.8199 0.730769 0.384615 0 0 0
33.1561 81.6236 87.4255 0.807692 0.384615 0 0 0
35.202 105.03 92.8199 0.807692 0.461538 0 0 0
11.9658 105.03 98.5471 0.769231 0.461538 0 0 0
33.1561 81.6236 87.4255 0.807692 0.384615 0 0 0
11.9658 105.03 98.5471 0.769231 0.461538 0 0 0
11.2704 81.6236 92.8199 0.769231 0.384615 0 0 0
53.115 81.6236 76.9503 0.846154 0.384615 0 0 0
56.3923 105.03 81.6983 0.846154 0.461538 0 0 0
35.202 105.03 92.8199 0.807692 0.461538 0 0 0
53.115 81.6236 76.9503 0.846154 0.384615 0 0 0
35.202 105.03 92.8199 0.807692 0.461538 0 0 0
33.1561 81.6236 87.4255 0.807692 0.384615 0 0 0
69.987 81.6236 62.0031 0.884615 0.384615 0 0 0
74.3053 105.03 65.8288 0.884615 0.461538 0 0 0
56.3923 105.03 81.6983 0.846154 0.461538 0 0 0
69.987 81.6236 62.0031 0.884615 0.384615 0 0 0
56.3923 105.03 81.6983 0.846154 0.461538 0 0 0
53.115 81.6236 76.9503 0.846154 0.384615 0 0 0
82.7916 81.6236 43.4524 0.923077 0.384615 0 0 0
87.9 105.03 46.1335 0.923077 0.461538 0 0 0
74.3053 105.03 65.8288 0.884615 0.461538 0 0 0
82.7916 81.6236 43.4524 0.923077 0.384615 0 0 0
74.3053 105.03 65.8288 0.884615 0.461538 0 0 0
69.987 81.6236 62.0031 0.884615 0.384615 0 0 0
90.7846 81.6236 22.3764 0.961538 0.384615 0 0 0
96.3863 105.03 23.7571 0.961538 0.461538 0 0 0
87.9 105.03 46.1335 0.923077 0.461538 0 0 0
90.7846 81.6236 22.3764 0.961538 0.384615 0 0 0
87.9 105.03 46.1335 0.923077 0.461538 0 0 0
82.7916 81.6236 43.4524 0.923077 0.384615 0 0 0
93.5016 81.6236 0 1 0.384615 0 0 0
99.2709 105.03 0 1 0.461538 0 0 0
96.3863 105.03 23.7571 0.961538 0.461538 0 0 0
93.5016 81.6236 0 1 0.384615 0 0 0
96.3863 105.03 23.7571 0.961538 0.461538 0 0 0
90.7846 81.6236 22.3764 0.961538 0.384615 0 0 0
96.3863 105.03 -23.7571 0.038462 0.461538 0 0 0
96.3863 129.138 -23.7571 0.038462 0.538462 0 0 0
99.2709 129.138 0 0 0.538462 0 0 0
96.3863 105.03 -23.7571 0.038462 0.461538 0 0 0
99.2709 129.138 0 0 0.538462 0 0 0
99.2709 105.03 0 0 0.461538 0 0 0
87.9 105.03 -46.1335 0.076923 0.461538 0 0 0
87.9 129.138 -46.1335 0.076923 0.538462 0 0 0
96.3863 129.138 -23.7571 0.038462 0.538462 0 0 0
87.9 105.03 -46.1335 0.076923 0.461538 0 0 0
96.3863 129.138 -23.7571 0.038462 0.538462 0 0 0
96.3863 105.03 -23.7571 0.038462 0.461538 0 0 0
74.3053 105.03 -65.8288 0.115385 0.461538 0 0 0
74.3053 129.138 -65.8288 0.115385 0.538462 0 0 0
87.9 129.138 -46.1335 0.076923 0.538462 0 0 0
74.3053 105.03 -65.8288 0.115385 0.461538 0 0 0
87.9 129.138 -46.1335 0.076923 0.538462 0 0 0
87.9 105.03 -46.1335 0.076923 0.461538 0 0 0
56.3923 105.03 -81.6983 0.153846 0.461538 0 0 0
56.3923 129.138 -81.6983 0.153846 0.538462 0 0 0
74.3053 129.138 -65.8288 0.115385 0.538462 0 0 0
56.3923 105.03 -81.6983 0.153846 0.461538 0 0 0
74.3053 129.138 -65.8288 0.115385 0.538462 0 0 0
74.3053 105.03 -65.8288 0.115385 0.461538 0 0 0
35.2019 105.03 -92.8199 0.192308 0.461538 0 0 0
35.2019 129.138 -92.8199 0.192308 0.538462 0 0 0
56.3923 129.138 -81.6983 0.153846 0.538462 0 0 0
35.2019 105.03 -92.8199 0.192308 0.461538 0 0 0
56.3923 129.138 -81.6983 0.153846 0.538462 0 0 0
56.3923 105.03 -81.6983 0.153846 0.461538 0 0 0
11.9658 105.03 -98.5471 0.230769 0.461538 0 0 0
11.9658 129.138 -98.5471 0.230769 0.538462 0 0 0
35.2019 129.138 -92.8199 0.192308 0.538462 0 0 0
11.9658 105.03 -98.5471 0.230769 0.461538 0 0 0
35.2019 129.138 -92.8199 0.192308 0.538462 0 0 0
35.2019 105.03 -92.8199 0.192308 0.461538 0 0 0
-11.9658 105.03 -98.5471 0.269231 0.461538 0 0 0
-11.9658 129.138 -98.5471 0.269231 0.538462 0 0 0
11.9658 129.138 -98.5471 0.230769 0.538462 0 0 0
-11.9658 105.03 -98.5471 0.269231 0.461538 0 0 0
11.9658 129.138 -98.5471 0.230769 0.538462 0 0 0
11.9658 105.03 -98.5471 0.230769 0.461538 0 0 0
-35.2019 105.03 -92.8199 0.307692 0.461538 0 0 0
-35.2019 129.138 -92.8199 0.307692 0.538462 0 0 0
-11.9658 129.138 -98.5471 0.269231 0.538462 0 0 0
-35.2019 105.03 -92.8199 0.307692 0.461538 0 0 0
-11.9658 129.138 -98.5471 0.269231 0.538462 0 0 0
-11.9658 105.03 -98.5471 0.269231 0.461538 0 0 0
-56.3923 105.03 -81.6983 0.346154 0.461538 0 0 0
-56.3923 129.138 -81.6983 0.346154 0.538462 0 0 0
-35.2019 129.138 -92.8199 0.307692 0.538462 0 0 0
-56.3923 105.03 -81.6983 0.346154 0.461538 0 0 0
-35.2019 129.138 -92.8199 0.307692 0.538462 0 0 0
-35.2019 105.03 -92.8199 0.307692 0.461538 0 0 0
-74.3053 105.03 -65.8288 0.384615 0.461538 0 0 0
-74.3053 129.138 -65.8288 0.384615 0.538462 0 0 0
-56.3923 129.138 -81.6983 0.346154 0.538462 0 0 0
-74.3053 105.03 -65.8288 0.384615 0.461538 0 0 0
-56.3923 129.138 -81.6983 0.346154 0.538462 0 0 0
-56.3923 105.03 -81.6983 0.346154 0.461538 0 0 0
-87.9 105.03 -46.1335 0.423077 0.461538 0 0 0
-87.9 129.138 -46.1335 0.423077 0.538462 0 0 0
-74.3053 129.138 -65.8288 0.384615 0.538462 0 0 0
-87.9 105.03 -46.1335 0.423077 0.461538 0 0 0
-74.3053 129.138 -65.8288 0.384615 0.538462 0 0 0
-74.3053 105.03 -65.8288 0.384615 0.461538 0 0 0
-96.3863 105.03 -23.7571 0.461538 0.461538 0 0 0
-96.3863 129.138 -23.7571 0.461538 0.538462 0 0 0
-87.9 129.138 -46.1335 0.423077 0.538462 0 0 0
-96.3863 105.03 -23.7571 0.461538 0.461538 0 0 0
-87.9 129.138 -46.1335 0.423077 0.538462 0 0 0
-87.9 105.03 -46.1335 0.423077 0.461538 0 0 0
-99.2709 105.03 9e-006 0.5 0.461538 0 0 0
-99.2709 129.138 9e-006 0.5 0.538462 0 0 0
-96.3863 129.138 -23.7571 0.461538 0.538462 0 0 0
-99.2709 105.03 9e-006 0.5 0.461538 0 0 0
-96.3863 129.138 -23.7571 0.461538 0.538462 0 0 0
-96.3863 105.03 -23.7571 0.461538 0.461538 0 0 0
-96.3863 105.03 23.7571 0.538462 0.461538 0 0 0
-96.3863 129.138 23.7571 0.538462 0.538462 0 0 0
-99.2709 129.138 9e-006 0.5 0.538462 0 0 0
-96.3863 105.03 23.7571 0.538462 0.461538 0 0 0
-99.2709 129.138 9e-006 0.5 0.538462 0 0 0
-99.2709 105.03 9e-006 0.5 0.461538 0 0 0
-87.9 105.03 46.1335 0.576923 0.461538 0 0 0
-87.9 129.138 46.1335 0.576923 0.538462 0 0 0
-96.3863 129.138 23.7571 0.538462 0.538462 0 0 0
-87.9 105.03 46.1335 0.576923 0.461538 0 0 0
-96.3863 129.138 23.7571 0.538462 0.538462 0 0 0
-96.3863 105.03 23.7571 0.538462 0.461538 0 0 0
-74.3053 105.03 65.8288 0.615385 0.461538 0 0 0
-74.3053 129.138 65.8288 0.615385 0.538462 0 0 0
-87.9 129.138 46.1335 0.576923 0.538462 0 0 0
-74.3053 105.03 65.8288 0.615385 0.461538 0 0 0
-87.9 129.138 46.1335 0.576923 0.538462 0 0 0
-87.9 105.03 46.1335 0.576923 0.461538 0 0 0
-56.3923 105.03 81.6983 0.653846 0.461538 0 0 0
-56.3923 129.138 81.6983 0.653846 0.538462 0 0 0
-74.3053 129.138 65.8288 0.615385 0.538462 0 0 0
-56.3923 105.03 81.6983 0.653846 0.461538 0 0 0
-74.3053 129.138 65.8288 0.615385 0.538462 0 0 0
-74.3053 105.03 65.8288 0.615385 0.461538 0 0 0
-35.202 105.03 92.8199 0.692308 0.461538 0 0 0
-35.202 129.138 92.8199 0.692308 0.538462 0 0 0
-56.3923 129.138 81.6983 0.653846 0.538462 0 0 0
-35.202 105.03 92.8199 0.692308 0.461538 0 0 0
-56.3923 129.138 81.6983 0.653846 0.538462 0 0 0
-56.3923 105.03 81.6983 0.653846 0.461538 0 0 0
-11.9658 105.03 98.5471 0.730769 0.461538 0 0 0
-11.9658 129.138 98.5471 0.730769 0.538462 0 0 0
-35.202 129.138 92.8199 0.692308 0.538462 0 0 0
-11.9658 105.03 98.5471 0.730769 0.461538 0 0 0
-35.202 129.138 92.8199 0.692308 0.538462 0 0 0
-35.202 105.03 92.8199 0.692308 0.461538 0 0 0
11.9658 105.03 98.5471 0.769231 0.461538 0 0 0
11.9658 129.138 98.5471 0.769231 0.538462 0 0 0
-11.9658 129.138 98.5471 0.730769 0.538462 0 0 0
11.9658 105.03 98.5471 0.769231 0.461538 0 0 0
-11.9658 129.138 98.5471 0.730769 0.538462 0 0 0
-11.9658 105.03 98.5471 0.730769 0.461538 0 0 0
35.202 105.03 92.8199 0.807692 0.461538 0 0 0
35.202 129.138 92.8199 0.807692 0.538462 0 0 0
11.9658 129.138 98.5471 0.769231 0.538462 0 0 0
35.202 105.03 92.8199 0.807692 0.461538 0 0 0
11.9658 129.138 98.5471 0.769231 0.538462 0 0 0
11.9658 105.03 98.5471 0.769231 0.461538 0 0 0
56.3923 105.03 81.6983 0.846154 0.461538 0 0 0
56.3923 129.138 81.6983 0.846154 0.538462 0 0 0
35.202 129.138 92.8199 0.807692 0.538462 0 0 0
56.3923 105.03 81.6983 0.846154 0.461538 0 0 0
35.202 129.138 92.8199 0.807692 0.538462 0 0 0
35.202 105.03 92.8199 0.807692 0.461538 0 0 0
74.3053 105.03 65.8288 0.884615 0.461538 0 0 0
74.3053 129.138 65.8288 0.884615 0.538462 0 0 0
56.3923 129.138 81.6983 0.846154 0.538462 0 0 0
74.3053 105.03 65.8288 0.884615 0.461538 0 0 0
56.3923 129.138 81.6983 0.846154 0.538462 0 0 0
56.3923 105.03 81.6983 0.846154 0.461538 0 0 0
87.9 105.03 46.1335 0.923077 0.461538 0 0 0
87.9 129.138 46.1335 0.923077 0.538462 0 0 0
74.3053 129.138 65.8288 0.884615 0.538462 0 0 0
87.9 105.03 46.1335 0.923077 0.461538 0 0 0
74.3053 129.138 65.8288 0.884615 0.538462 0 0 0
74.3053 105.03 65.8288 0.884615 0.461538 0 0 0
96.3863 105.03 23.7571 0.961538 0.461538 0 0 0
96.3863 129.138 23.7571 0.961538 0.538462 0 0 0
87.9 129.138 46.1335 0.923077 0.538462 0 0 0
96.3863 105.03 23.7571 0.961538 0.461538 0 0 0
87.9 129.138 46.1335 0.923077 0.538462 0 0 0
87.9 105.03 46.1335 0.923077 0.461538 0 0 0
99.2709 105.03 0 1 0.461538 0 0 0
99.2709 129.138 0 1 0.538462 0 0 0
96.3863 129.138 23.7571 0.961538 0.538462 0 0 0
99.2709 105.03 0 1 0.461538 0 0 0
96.3863 129.138 23.7571 0.961538 0.538462 0 0 0
96.3863 105.03 23.7571 0.961538 0.461538 0 0 0
96.3863 129.138 -23.7571 0.038462 0.538462 0 0 0
90.7846 152.545 -22.3764 0.038462 0.615385 0 0 0
93.5016 152.545 0 0 0.615385 0 0 0
96.3863 129.138 -23.7571 0.038462 0.538462 0 0 0
93.5016 152.545 0 0 0.615385 0 0 0
99.2709 129.138 0 0 0.538462 0 0 0
87.9 129.138 -46.1335 0.076923 0.538462 0 0 0
82.7916 152.545 -43.4524 0.076923 0.615385 0 0 0
90.7846 152.545 -22.3764 0.038462 0.615385 0 0 0
87.9 129.138 -46.1335 0.076923 0.538462 0 0 0
90.7846 152.545 -22.3764 0.038462 0.615385 0 0 0
96.3863 129.138 -23.7571 0.038462 0.538462 0 0 0
74.3053 129.138 -65.8288 0.115385 0.538462 0 0 0
69.987 152.545 -62.003 0.115385 0.615385 0 0 0
82.7916 152.545 -43.4524 0.076923 0.615385 0 0 0
74.3053 129.138 -65.8288 0.115385 0.538462 0 0 0
82.7916 152.545 -43.4524 0.076923 0.615385 0 0 0
87.9 129.138 -46.1335 0.076923 0.538462 0 0 0
56.3923 129.138 -81.6983 0.153846 0.538462 0 0 0
53.115 152.545 -76.9503 0.153846 0.615385 0 0 0
69.987 152.545 -62.003 0.115385 0.615385 0 0 0
56.3923 129.138 -81.6983 0.153846 0.538462 0 0 0
69.987 152.545 -62.003 0.115385 0.615385 0 0 0
74.3053 129.138 -65.8288 0.115385 0.538462 0 0 0
35.2019 129.138 -92.8199 0.192308 0.538462 0 0 0
33.1561 152.545 -87.4255 0.192308 0.615385 0 0 0
53.115 152.545 -76.9503 0.153846 0.615385 0 0 0
35.2019 129.138 -92.8199 0.192308 0.538462 0 0 0
53.115 152.545 -76.9503 0.153846 0.615385 0 0 0
56.3923 129.138 -81.6983 0.153846 0.538462 0 0 0
11.9658 129.138 -98.5471 0.230769 0.538462 0 0 0
11.2704 152.545 -92.8199 0.230769 0.615385 0 0 0
33.1561 152.545 -87.4255 0.192308 0.615385 0 0 0
11.9658 129.138 -98.5471 0.230769 0.538462 0 0 0
33.1561 152.545 -87.4255 0.192308 0.615385 0 0 0
35.2019 129.138 -92.8199 0.192308 0.538462 0 0 0
-11.9658 129.138 -98.5471 0.269231 0.538462 0 0 0
-11.2704 152.545 -92.8199 0.269231 0.615385 0 0 0
11.2704 152.545 -92.8199 0.230769 0.615385 0 0 0
-11.9658 129.138 -98.5471 0.269231 0.538462 0 0 0
11.2704 152.545 -92.8199 0.230769 0.615385 0 0 0
11.9658 129.138 -98.5471 0.230769 0.538462 0 0 0
-35.2019 129.138 -92.8199 0.307692 0.538462 0 0 0
-33.1561 152.545 -87.4255 0.307692 0.615385 0 0 0
-11.2704 152.545 -92.8199 0.269231 0.615385 0 0 0
-35.2019 129.138 -92.8199 0.307692 0.538462 0 0 0
-11.2704 152.545 -92.8199 0.269231 0.615385 0 0 0
-11.9658 129.138 -98.5471 0.269231 0.538462 0 0 0
-56.3923 129.138 -81.6983 0.346154 0.538462 0 0 0
-53.115 152.545 -76.9503 0.346154 0.615385 0 0 0
-33.1561 152.545 -87.4255 0.307692 0.615385 0 0 0
-56.3923 129.138 -81.6983 0.346154 0.538462 0 0 0
-33.1561 152.545 -87.4255 0.307692 0.615385 0 0 0
-35.2019 129.138 -92.8199 0.307692 0.538462 0 0 0
-74.3053 129.138 -65.8288 0.384615 0.538462 0 0 0
-69.987 152.545 -62.003 0.384615 0.615385 0 0 0
-53.115 152.545 -76.9503 0.346154 0.615385 0 0 0
-74.3053 129.138 -65.8288 0.384615 0.538462 0 0 0
-53.115 152.545 -76.9503 0.346154 0.615385 0 0 0
-56.3923 129.138 -81.6983 0.346154 0.538462 0 0 0
-87.9 129.138 -46.1335 0.423077 0.538462 0 0 0
-82.7916 152.545 -43.4524 0.423077 0.615385 0 0 0
-69.987 152.545 -62.003 0.384615 0.615385 0 0 0
-87.9 129.138 -46.1335 0.423077 0.538462 0 0 0
-69.987 152.545 -62.003 0.384615 0.615385 0 0 0
-74.3053 129.138 -65.8288 0.384615 0.538462 0 0 0
-96.3863 129.138 -23.7571 0.461538 0.538462 0 0 0
-90.7846 152.545 -22.3764 0.461538 0.615385 0 0 0
-82.7916 152.545 -43.4524 0.423077 0.615385 0 0 0
-96.3863 129.138 -23.7571 0.461538 0.538462 0 0 0
-82.7916 152.545 -43.4524 0.423077 0.615385 0 0 0
-87.9 129.138 -46.1335 0.423077 0.538462 0 0 0
-99.2709 129.138 9e-006 0.5 0.538462 0 0 0
-93.5016 152.545 8e-006 0.5 0.615385 0 0 0
-90.7846 152.545 -22.3764 0.461538 0.615385 0 0 0
-99.2709 129.138 9e-006 0.5 0.538462 0 0 0
-90.7846 152.545 -22.3764 0.461538 0.615385 0 0 0
-96.3863 129.138 -23.7571 0.461538 0.538462 0 0 0
-96.3863 129.138 23.7571 0.538462 0.538462 0 0 0
-90.7846 152.545 22.3764 0.538462 0.615385 0 0 0
-93.5016 152.545 8e-006 0.5 0.615385 0 0 0
-96.3863 129.138 23.7571 0.538462 0.538462 0 0 0
-93.5016 152.545 8e-006 0.5 0.615385 0 0 0
-99.2709 129.138 9e-006 0.5 0.538462 0 0 0
-87.9 129.138 46.1335 0.576923 0.538462 0 0 0
-82.7916 152.545 43.4524 0.576923 0.615385 0 0 0
-90.7846 152.545 22.3764 0.538462 0.615385 0 0 0
-87.9 129.138 46.1335 0.576923 0.538462 0 0 0
-90.7846 152.545 22.3764 0.538462 0.615385 0 0 0
-96.3863 129.138 23.7571 0.538462 0.538462 0 0 0
-74.3053 129.138 65.8288 0.615385 0.538462 0 0 0
-69.987 152.545 62.003 0.615385 0.615385 0 0 0
-82.7916 152.545 43.4524 0.576923 0.615385 0 0 0
-74.3053 129.138 65.8288 0.615385 0.538462 0 0 0
-82.7916 152.545 43.4524 0.576923 0.615385 0 0 0
-87.9 129.138 46.1335 0.576923 0.538462 0 0 0
-56.3923 129.138 81.6983 0.653846 0.538462 0 0 0
-53.115 152.545 76.9503 0.653846 0.615385 0 0 0
-69.987 152.545 62.003 0.615385 0.615385 0 0 0
-56.3923 129.138 81.6983 0.653846 0.538462 0 0 0
-69.987 152.545 62.003 0.615385 0.615385 0 0 0
-74.3053 129.138 65.8288 0.615385 0.538462 0 0 0
-35.202 129.138 92.8199 0.692308 0.538462 0 0 0
-33.1561 152.545 87.4255 0.692308 0.615385 0 0 0
-53.115 152.545 76.9503 0.653846 0.615385 0 0 0
-35.202 129.138 92.8199 0.692308 0.538462 0 0 0
-53.115 152.545 76.9503 0.653846 0.615385 0 0 0
-56.3923 129.138 81.6983 0.653846 0.538462 0 0 0
-11.9658 129.138 98.5471 0.730769 0.538462 0 0 0
-11.2704 152.545 92.8199 0.730769 0.615385 0 0 0
-33.1561 152.545 87.4255 0.692308 0.615385 0 0 0
-11.9658 129.138 98.5471 0.730769 0.538462 0 0 0
-33.1561 152.545 87.4255 0.692308 0.615385 0 0 0
-35.202 129.138 92.8199 0.692308 0.538462 0 0 0
11.9658 129.138 98.5471 0.769231 0.538462 0 0 0
11.2704 152.545 92.8199 0.769231 0.615385 0 0 0
-11.2704 152.545 92.8199 0.730769 0.615385 0 0 0
11.9658 129.138 98.5471 0.769231 0.538462 0 0 0
-11.2704 152.545 92.8199 0.730769 0.615385 0 0 0
-11.9658 129.138 98.5471 0.730769 0.538462 0 0 0
35.202 129.138 92.8199 0.807692 0.538462 0 0 0
33.1561 152.545 87.4255 0.807692 0.615385 0 0 0
11.2704 152.545 92.8199 0.769231 0.615385 0 0 0
35.202 129.138 92.8199 0.807692 0.538462 0 0 0
11.2704 152.545 92.8199 0.769231 0.615385 0 0 0
11.9658 129.138 98.5471 0.769231 0.538462 0 0 0
56.3923 129.138 81.6983 0.846154 0.538462 0 0 0
53.115 152.545 76.9503 0.846154 0.615385 0 0 0
33.1561 152.545 87.4255 0.807692 0.615385 0 0 0
56.3923 129.138 81.6983 0.846154 0.538462 0 0 0
33.1561 152.545 87.4255 0.807692 0.615385 0 0 0
35.202 129.138 92.8199 0.807692 0.538462 0 0 0
74.3053 129.138 65.8288 0.884615 0.538462 0 0 0
69.987 152.545 62.0031 0.884615 0.615385 0 0 0
53.115 152.545 76.9503 0.846154 0.615385 0 0 0
74.3053 129.138 65.8288 0.884615 0.538462 0 0 0
53.115 152.545 76.9503 0.846154 0.615385 0 0 0
56.3923 129.138 81.6983 0.846154 0.538462 0 0 0
87.9 129.138 46.1335 0.923077 0.538462 0 0 0
82.7916 152.545 43.4524 0.923077 0.615385 0 0 0
69.987 152.545 62.0031 0.884615 0.615385 0 0 0
87.9 129.138 46.1335 0.923077 0.538462 0 0 0
69.987 152.545 62.0031 0.884615 0.615385 0 0 0
74.3053 129.138 65.8288 0.884615 0.538462 0 0 0
96.3863 129.138 23.7571 0.961538 0.538462 0 0 0
90.7846 152.545 22.3764 0.961538 0.615385 0 0 0
82.7916 152.545 43.4524 0.923077 0.615385 0 0 0
96.3863 129.138 23.7571 0.961538 0.538462 0 0 0
82.7916 152.545 43.4524 0.923077 0.615385 0 0 0
87.9 129.138 46.1335 0.923077 0.538462 0 0 0
99.2709 129.138 0 1 0.538462 0 0 0
93.5016 152.545 0 1 0.615385 0 0 0
90.7846 152.545 22.3764 0.961538 0.615385 0 0 0
99.2709 129.138 0 1 0.538462 0 0 0
90.7846 152.545 22.3764 0.961538 0.615385 0 0 0
96.3863 129.138 23.7571 0.961538 0.538462 0 0 0
90.7846 152.545 -22.3764 0.038462 0.615385 0 0 0
79.9069 173.891 -19.6953 0.038462 0.692308 0 0 0
82.2984 173.891 0 0 0.692308 0 0 0
90.7846 152.545 -22.3764 0.038462 0.615385 0 0 0
82.2984 173.891 0 0 0.692308 0 0 0
93.5016 152.545 0 0 0.615385 0 0 0
82.7916 152.545 -43.4524 0.076923 0.615385 0 0 0
72.8716 173.891 -38.246 0.076923 0.692308 0 0 0
79.9069 173.891 -19.6953 0.038462 0.692308 0 0 0
82.7916 152.545 -43.4524 0.076923 0.615385 0 0 0
79.9069 173.891 -19.6953 0.038462 0.692308 0 0 0
90.7846 152.545 -22.3764 0.038462 0.615385 0 0 0
69.987 152.545 -62.003 0.115385 0.615385 0 0 0
61.6012 173.891 -54.5739 0.115385 0.692308 0 0 0
72.8716 173.891 -38.246 0.076923 0.692308 0 0 0
69.987 152.545 -62.003 0.115385 0.615385 0 0 0
72.8716 173.891 -38.246 0.076923 0.692308 0 0 0
82.7916 152.545 -43.4524 0.076923 0.615385 0 0 0
53.115 152.545 -76.9503 0.153846 0.615385 0 0 0
46.7508 173.891 -67.7302 0.153846 0.692308 0 0 0
61.6012 173.891 -54.5739 0.115385 0.692308 0 0 0
53.115 152.545 -76.9503 0.153846 0.615385 0 0 0
61.6012 173.891 -54.5739 0.115385 0.692308 0 0 0
69.987 152.545 -62.003 0.115385 0.615385 0 0 0
33.1561 152.545 -87.4255 0.192308 0.615385 0 0 0
29.1834 173.891 -76.9503 0.192308 0.692308 0 0 0
46.7508 173.891 -67.7302 0.153846 0.692308 0 0 0
33.1561 152.545 -87.4255 0.192308 0.615385 0 0 0
46.7508 173.891 -67.7302 0.153846 0.692308 0 0 0
53.115 152.545 -76.9503 0.153846 0.615385 0 0 0
11.2704 152.545 -92.8199 0.230769 0.615385 0 0 0
9.91997 173.891 -81.6983 0.230769 0.692308 0 0 0
29.1834 173.891 -76.9503 0.192308 0.692308 0 0 0
11.2704 152.545 -92.8199 0.230769 0.615385 0 0 0
29.1834 173.891 -76.9503 0.192308 0.692308 0 0 0
33.1561 152.545 -87.4255 0.192308 0.615385 0 0 0
-11.2704 152.545 -92.8199 0.269231 0.615385 0 0 0
-9.91997 173.891 -81.6983 0.269231 0.692308 0 0 0
9.91997 173.891 -81.6983 0.230769 0.692308 0 0 0
-11.2704 152.545 -92.8199 0.269231 0.615385 0 0 0
9.91997 173.891 -81.6983 0.230769 0.692308 0 0 0
11.2704 152.545 -92.8199 0.230769 0.615385 0 0 0
-33.1561 152.545 -87.4255 0.307692 0.615385 0 0 0
-29.1834 173.891 -76.9503 0.307692 0.692308 0 0 0
-9.91997 173.891 -81.6983 0.269231 0.692308 0 0 0
-33.1561 152.545 -87.4255 0.307692 0.615385 0 0 0
-9.91997 173.891 -81.6983 0.269231 0.692308 0 0 0
-11.2704 152.545 -92.8199 0.269231 0.615385 0 0 0
-53.115 152.545 -76.9503 0.346154 0.615385 0 0 0
-46.7508 173.891 -67.7302 0.346154 0.692308 0 0 0
-29.1834 173.891 -76.9503 0.307692 0.692308 0 0 0
-53.115 152.545 -76.9503 0.346154 0.615385 0 0 0
-29.1834 173.891 -76.9503 0.307692 0.692308 0 0 0
-33.1561 152.545 -87.4255 0.307692 0.615385 0 0 0
-69.987 152.545 -62.003 0.384615 0.615385 0 0 0
-61.6012 173.891 -54.5739 0.384615 0.692308 0 0 0
-46.7508 173.891 -67.7302 0.346154 0.692308 0 0 0
-69.987 152.545 -62.003 0.384615 0.615385 0 0 0
-46.7508 173.891 -67.7302 0.346154 0.692308 0 0 0
-53.115 152.545 -76.9503 0.346154 0.615385 0 0 0
-82.7916 152.545 -43.4524 0.423077 0.615385 0 0 0
-72.8716 173.891 -38.246 0.423077 0.692308 0 0 0
-61.6012 173.891 -54.5739 0.384615 0.692308 0 0 0
-82.7916 152.545 -43.4524 0.423077 0.615385 0 0 0
-61.6012 173.891 -54.5739 0.384615 0.692308 0 0 0
-69.987 152.545 -62.003 0.384615 0.615385 0 0 0
-90.7846 152.545 -22.3764 0.461538 0.615385 0 0 0
-79.9069 173.891 -19.6953 0.461538 0.692308 0 0 0
-72.8716 173.891 -38.246 0.423077 0.692308 0 0 0
-90.7846 152.545 -22.3764 0.461538 0.615385 0 0 0
-72.8716 173.891 -38.246 0.423077 0.692308 0 0 0
-82.7916 152.545 -43.4524 0.423077 0.615385 0 0 0
-93.5016 152.545 8e-006 0.5 0.615385 0 0 0
-82.2984 173.891 7e-006 0.5 0.692308 0 0 0
-79.9069 173.891 -19.6953 0.461538 0.692308 0 0 0
-93.5016 152.545 8e-006 0.5 0.615385 0 0 0
-79.9069 173.891 -19.6953 0.461538 0.692308 0 0 0
-90.7846 152.545 -22.3764 0.461538 0.615385 0 0 0
-90.7846 152.545 22.3764 0.538462 0.615385 0 0 0
-79.9069 173.891 19.6953 0.538462 0.692308 0 0 0
-82.2984 173.891 7e-006 0.5 0.692308 0 0 0
-90.7846 152.545 22.3764 0.538462 0.615385 0 0 0
-82.2984 173.891 7e-006 0.5 0.692308 0 0 0
-93.5016 152.545 8e-006 0.5 0.615385 0 0 0
-82.7916 152.545 43.4524 0.576923 0.615385 0 0 0
-72.8716 173.891 38.246 0.576923 0.692308 0 0 0
-79.9069 173.891 19.6953 0.538462 0.692308 0 0 0
-82.7916 152.545 43.4524 0.576923 0.615385 0 0 0
-79.9069 173.891 19.6953 0.538462 0.692308 0 0 0
-90.7846 152.545 22.3764 0.538462 0.615385 0 0 0
-69.987 152.545 62.003 0.615385 0.615385 0 0 0
-61.6012 173.891 54.5739 0.615385 0.692308 0 0 0
-72.8716 173.891 38.246 0.576923 0.692308 0 0 0
-69.987 152.545 62.003 0.615385 0.615385 0 0 0
-72.8716 173.891 38.246 0.576923 0.692308 0 0 0
-82.7916 152.545 43.4524 0.576923 0.615385 0 0 0
-53.115 152.545 76.9503 0.653846 0.615385 0 0 0
-46.7508 173.891 67.7302 0.653846 0.692308 0 0 0
-61.6012 173.891 54.5739 0.615385 0.692308 0 0 0
-53.115 152.545 76.9503 0.653846 0.615385 0 0 0
-61.6012 173.891 54.5739 0.615385 0.692308 0 0 0
-69.987 152.545 62.003 0.615385 0.615385 0 0 0
-33.1561 152.545 87.4255 0.692308 0.615385 0 0 0
-29.1834 173.891 76.9503 0.692308 0.692308 0 0 0
-46.7508 173.891 67.7302 0.653846 0.692308 0 0 0
-33.1561 152.545 87.4255 0.692308 0.615385 0 0 0
-46.7508 173.891 67.7302 0.653846 0.692308 0 0 0
-53.115 152.545 76.9503 0.653846 0.615385 0 0 0
-11.2704 152.545 92.8199 0.730769 0.615385 0 0 0
-9.91998 173.891 81.6983 0.730769 0.692308 0 0 0
-29.1834 173.891 76.9503 0.692308 0.692308 0 0 0
-11.2704 152.545 92.8199 0.730769 0.615385 0 0 0
-29.1834 173.891 76.9503 0.692308 0.692308 0 0 0
-33.1561 152.545 87.4255 0.692308 0.615385 0 0 0
11.2704 152.545 92.8199 0.769231 0.615385 0 0 0
9.91998 173.891 81.6983 0.769231 0.692308 0 0 0
-9.91998 173.891 81.6983 0.730769 0.692308 0 0 0
11.2704 152.545 92.8199 0.769231 0.615385 0 0 0
-9.91998 173.891 81.6983 0.730769 0.692308 0 0 0
-11.2704 152.545 92.8199 0.730769 0.615385 0 0 0
33.1561 152.545 87.4255 0.807692 0.615385 0 0 0
29.1834 173.891 76.9503 0.807692 0.692308 0 0 0
9.91998 173.891 81.6983 0.769231 0.692308 0 0 0
33.1561 152.545 87.4255 0.807692 0.615385 0 0 0
9.91998 173.891 81.6983 0.769231 0.692308 0 0 0
11.2704 152.545 92.8199 0.769231 0.615385 0 0 0
53.115 152.545 76.9503 0.846154 0.615385 0 0 0
46.7508 173.891 67.7303 0.846154 0.692308 0 0 0
29.1834 173.891 76.9503 0.807692 0.692308 0 0 0
53.115 152.545 76.9503 0.846154 0.615385 0 0 0
29.1834 173.891 76.9503 0.807692 0.692308 0 0 0
33.1561 152.545 87.4255 0.807692 0.615385 0 0 0
69.987 152.545 62.0031 0.884615 0.615385 0 0 0
61.6012 173.891 54.5739 0.884615 0.692308 0 0 0
46.7508 173.891 67.7303 0.846154 0.692308 0 0 0
69.987 152.545 62.0031 0.884615 0.615385 0 0 0
46.7508 173.891 67.7303 0.846154 0.692308 0 0 0
53.115 152.545 76.9503 0.846154 0.615385 0 0 0
82.7916 152.545 43.4524 0.923077 0.615385 0 0 0
72.8716 173.891 38.246 0.923077 0.692308 0 0 0
61.6012 173.891 54.5739 0.884615 0.692308 0 0 0
82.7916 152.545 43.4524 0.923077 0.615385 0 0 0
61.6012 173.891 54.5739 0.884615 0.692308 0 0 0
69.987 152.545 62.0031 0.884615 0.615385 0 0 0
90.7846 152.545 22.3764 0.961538 0.615385 0 0 0
79.9069 173.891 19.6953 0.961538 0.692308 0 0 0
72.8716 173.891 38.246 0.923077 0.692308 0 0 0
90.7846 152.545 22.3764 0.961538 0.615385 0 0 0
72.8716 173.891 38.246 0.923077 0.692308 0 0 0
82.7916 152.545 43.4524 0.923077 0.615385 0 0 0
93.5016 152.545 0 1 0.615385 0 0 0
82.2984 173.891 0 1 0.692308 0 0 0
79.9069 173.891 19.6953 0.961538 0.692308 0 0 0
93.5016 152.545 0 1 0.615385 0 0 0
79.9069 173.891 19.6953 0.961538 0.692308 0 0 0
90.7846 152.545 22.3764 0.961538 0.615385 0 0 0
79.9069 173.891 -19.6953 0.038462 0.692308 0 0 0
64.3854 191.935 -15.8696 0.038462 0.769231 0 0 0
66.3123 191.935 0 0 0.769231 0 0 0
79.9069 173.891 -19.6953 0.038462 0.692308 0 0 0
66.3123 191.935 0 0 0.769231 0 0 0
82.2984 173.891 0 0 0.692308 0 0 0
72.8716 173.891 -38.246 0.076923 0.692308 0 0 0
58.7166 191.935 -30.8168 0.076923 0.769231 0 0 0
64.3854 191.935 -15.8696 0.038462 0.769231 0 0 0
72.8716 173.891 -38.246 0.076923 0.692308 0 0 0
64.3854 191.935 -15.8696 0.038462 0.769231 0 0 0
79.9069 173.891 -19.6953 0.038462 0.692308 0 0 0
61.6012 173.891 -54.5739 0.115385 0.692308 0 0 0
49.6354 191.935 -43.9732 0.115385 0.769231 0 0 0
58.7166 191.935 -30.8168 0.076923 0.769231 0 0 0
61.6012 173.891 -54.5739 0.115385 0.692308 0 0 0
58.7166 191.935 -30.8168 0.076923 0.769231 0 0 0
72.8716 173.891 -38.246 0.076923 0.692308 0 0 0
46.7508 173.891 -67.7302 0.153846 0.692308 0 0 0
37.6697 191.935 -54.5739 0.153846 0.769231 0 0 0
49.6354 191.935 -43.9732 0.115385 0.769231 0 0 0
46.7508 173.891 -67.7302 0.153846 0.692308 0 0 0
49.6354 191.935 -43.9732 0.115385 0.769231 0 0 0
61.6012 173.891 -54.5739 0.115385 0.692308 0 0 0
29.1834 173.891 -76.9503 0.192308 0.692308 0 0 0
23.5147 191.935 -62.003 0.192308 0.769231 0 0 0
37.6697 191.935 -54.5739 0.153846 0.769231 0 0 0
29.1834 173.891 -76.9503 0.192308 0.692308 0 0 0
37.6697 191.935 -54.5739 0.153846 0.769231 0 0 0
46.7508 173.891 -67.7302 0.153846 0.692308 0 0 0
9.91997 173.891 -81.6983 0.230769 0.692308 0 0 0
7.99306 191.935 -65.8288 0.230769 0.769231 0 0 0
23.5147 191.935 -62.003 0.192308 0.769231 0 0 0
9.91997 173.891 -81.6983 0.230769 0.692308 0 0 0
23.5147 191.935 -62.003 0.192308 0.769231 0 0 0
29.1834 173.891 -76.9503 0.192308 0.692308 0 0 0
-9.91997 173.891 -81.6983 0.269231 0.692308 0 0 0
-7.99306 191.935 -65.8288 0.269231 0.769231 0 0 0
7.99306 191.935 -65.8288 0.230769 0.769231 0 0 0
-9.91997 173.891 -81.6983 0.269231 0.692308 0 0 0
7.99306 191.935 -65.8288 0.230769 0.769231 0 0 0
9.91997 173.891 -81.6983 0.230769 0.692308 0 0 0
-29.1834 173.891 -76.9503 0.307692 0.692308 0 0 0
-23.5147 191.935 -62.003 0.307692 0.769231 0 0 0
-7.99306 191.935 -65.8288 0.269231 0.769231 0 0 0
-29.1834 173.891 -76.9503 0.307692 0.692308 0 0 0
-7.99306 191.935 -65.8288 0.269231 0.769231 0 0 0
-9.91997 173.891 -81.6983 0.269231 0.692308 0 0 0
-46.7508 173.891 -67.7302 0.346154 0.692308 0 0 0
-37.6697 191.935 -54.5739 0.346154 0.769231 0 0 0
-23.5147 191.935 -62.003 0.307692 0.769231 0 0 0
-46.7508 173.891 -67.7302 0.346154 0.692308 0 0 0
-23.5147 191.935 -62.003 0.307692 0.769231 0 0 0
-29.1834 173.891 -76.9503 0.307692 0.692308 0 0 0
-61.6012 173.891 -54.5739 0.384615 0.692308 0 0 0
-49.6354 191.935 -43.9732 0.384615 0.769231 0 0 0
-37.6697 191.935 -54.5739 0.346154 0.769231 0 0 0
-61.6012 173.891 -54.5739 0.384615 0.692308 0 0 0
-37.6697 191.935 -54.5739 0.346154 0.769231 0 0 0
-46.7508 173.891 -67.7302 0.346154 0.692308 0 0 0
-72.8716 173.891 -38.246 0.423077 0.692308 0 0 0
-58.7166 191.935 -30.8169 0.423077 0.769231 0 0 0
-49.6354 191.935 -43.9732 0.384615 0.769231 0 0 0
-72.8716 173.891 -38.246 0.423077 0.692308 0 0 0
-49.6354 191.935 -43.9732 0.384615 0.769231 0 0 0
-61.6012 173.891 -54.5739 0.384615 0.692308 0 0 0
-79.9069 173.891 -19.6953 0.461538 0.692308 0 0 0
-64.3854 191.935 -15.8696 0.461538 0.769231 0 0 0
-58.7166 191.935 -30.8169 0.423077 0.769231 0 0 0
-79.9069 173.891 -19.6953 0.461538 0.692308 0 0 0
-58.7166 191.935 -30.8169 0.423077 0.769231 0 0 0
-72.8716 173.891 -38.246 0.423077 0.692308 0 0 0
-82.2984 173.891 7e-006 0.5 0.692308 0 0 0
-66.3123 191.935 6e-006 0.5 0.769231 0 0 0
-64.3854 191.935 -15.8696 0.461538 0.769231 0 0 0
-82.2984 173.891 7e-006 0.5 0.692308 0 0 0
-64.3854 191.935 -15.8696 0.461538 0.769231 0 0 0
-79.9069 173.891 -19.6953 0.461538 0.692308 0 0 0
-79.9069 173.891 19.6953 0.538462 0.692308 0 0 0
-64.3854 191.935 15.8696 0.538462 0.769231 0 0 0
-66.3123 191.935 6e-006 0.5 0.769231 0 0 0
-79.9069 173.891 19.6953 0.538462 0.692308 0 0 0
-66.3123 191.935 6e-006 0.5 0.769231 0 0 0
-82.2984 173.891 7e-006 0.5 0.692308 0 0 0
-72.8716 173.891 38.246 0.576923 0.692308 0 0 0
-58.7166 191.935 30.8168 0.576923 0.769231 0 0 0
-64.3854 191.935 15.8696 0.538462 0.769231 0 0 0
-72.8716 173.891 38.246 0.576923 0.692308 0 0 0
-64.3854 191.935 15.8696 0.538462 0.769231 0 0 0
-79.9069 173.891 19.6953 0.538462 0.692308 0 0 0
-61.6012 173.891 54.5739 0.615385 0.692308 0 0 0
-49.6354 191.935 43.9732 0.615385 0.769231 0 0 0
-58.7166 191.935 30.8168 0.576923 0.769231 0 0 0
-61.6012 173.891 54.5739 0.615385 0.692308 0 0 0
-58.7166 191.935 30.8168 0.576923 0.769231 0 0 0
-72.8716 173.891 38.246 0.576923 0.692308 0 0 0
-46.7508 173.891 67.7302 0.653846 0.692308 0 0 0
-37.6697 191.935 54.5739 0.653846 0.769231 0 0 0
-49.6354 191.935 43.9732 0.615385 0.769231 0 0 0
-46.7508 173.891 67.7302 0.653846 0.692308 0 0 0
-49.6354 191.935 43.9732 0.615385 0.769231 0 0 0
-61.6012 173.891 54.5739 0.615385 0.692308 0 0 0
-29.1834 173.891 76.9503 0.692308 0.692308 0 0 0
-23.5147 191.935 62.003 0.692308 0.769231 0 0 0
-37.6697 191.935 54.5739 0.653846 0.769231 0 0 0
-29.1834 173.891 76.9503 0.692308 0.692308 0 0 0
-37.6697 191.935 54.5739 0.653846 0.769231 0 0 0
-46.7508 173.891 67.7302 0.653846 0.692308 0 0 0
-9.91998 173.891 81.6983 0.730769 0.692308 0 0 0
-7.99306 191.935 65.8288 0.730769 0.769231 0 0 0
-23.5147 191.935 62.003 0.692308 0.769231 0 0 0
-9.91998 173.891 81.6983 0.730769 0.692308 0 0 0
-23.5147 191.935 62.003 0.692308 0.769231 0 0 0
-29.1834 173.891 76.9503 0.692308 0.692308 0 0 0
9.91998 173.891 81.6983 0.769231 0.692308 0 0 0
7.99306 191.935 65.8288 0.769231 0.769231 0 0 0
-7.99306 191.935 65.8288 0.730769 0.769231 0 0 0
9.91998 173.891 81.6983 0.769231 0.692308 0 0 0
-7.99306 191.935 65.8288 0.730769 0.769231 0 0 0
-9.91998 173.891 81.6983 0.730769 0.692308 0 0 0
29.1834 173.891 76.9503 0.807692 0.692308 0 0 0
23.5147 191.935 62.003 0.807692 0.769231 0 0 0
7.99306 191.935 65.8288 0.769231 0.769231 0 0 0
29.1834 173.891 76.9503 0.807692 0.692308 0 0 0
7.99306 191.935 65.8288 0.769231 0.769231 0 0 0
9.91998 173.891 81.6983 0.769231 0.692308 0 0 0
46.7508 173.891 67.7303 0.846154 0.692308 0 0 0
37.6696 191.935 54.5739 0.846154 0.769231 0 0 0
23.5147 191.935 62.003 0.807692 0.769231 0 0 0
46.7508 173.891 67.7303 0.846154 0.692308 0 0 0
23.5147 191.935 62.003 0.807692 0.769231 0 0 0
29.1834 173.891 76.9503 0.807692 0.692308 0 0 0
61.6012 173.891 54.5739 0.884615 0.692308 0 0 0
49.6354 191.935 43.9732 0.884615 0.769231 0 0 0
37.6696 191.935 54.5739 0.846154 0.769231 0 0 0
61.6012 173.891 54.5739 0.884615 0.692308 0 0 0
37.6696 191.935 54.5739 0.846154 0.769231 0 0 0
46.7508 173.891 67.7303 0.846154 0.692308 0 0 0
72.8716 173.891 38.246 0.923077 0.692308 0 0 0
58.7166 191.935 30.8168 0.923077 0.769231 0 0 0
49.6354 191.935 43.9732 0.884615 0.769231 0 0 0
72.8716 173.891 38.246 0.923077 0.692308 0 0 0
49.6354 191.935 43.9732 0.884615 0.769231 0 0 0
61.6012 173.891 54.5739 0.884615 0.692308 0 0 0
79.9069 173.891 19.6953 0.961538 0.692308 0 0 0
64.3854 191.935 15.8696 0.961538 0.769231 0 0 0
58.7166 191.935 30.8168 0.923077 0.769231 0 0 0
79.9069 173.891 19.6953 0.961538 0.692308 0 0 0
58.7166 191.935 30.8168 0.923077 0.769231 0 0 0
72.8716 173.891 38.246 0.923077 0.692308 0 0 0
82.2984 173.891 0 1 0.692308 0 0 0
66.3123 191.935 0 1 0.769231 0 0 0
64.3854 191.935 15.8696 0.961538 0.769231 0 0 0
82.2984 173.891 0 1 0.692308 0 0 0
64.3854 191.935 15.8696 0.961538 0.769231 0 0 0
79.9069 173.891 19.6953 0.961538 0.692308 0 0 0
64.3854 191.935 -15.8696 0.038462 0.769231 0 0 0
45.1219 205.63 -11.1216 0.038462 0.846154 0 0 0
46.4723 205.63 0 0 0.846154 0 0 0
64.3854 191.935 -15.8696 0.038462 0.769231 0 0 0
46.4723 205.63 0 0 0.846154 0 0 0
66.3123 191.935 0 0 0.769231 0 0 0
58.7166 191.935 -30.8168 0.076923 0.769231 0 0 0
41.1492 205.63 -21.5968 0.076923 0.846154 0 0 0
45.1219 205.63 -11.1216 0.038462 0.846154 0 0 0
58.7166 191.935 -30.8168 0.076923 0.769231 0 0 0
45.1219 205.63 -11.1216 0.038462 0.846154 0 0 0
64.3854 191.935 -15.8696 0.038462 0.769231 0 0 0
49.6354 191.935 -43.9732 0.115385 0.769231 0 0 0
34.785 205.63 -30.8168 0.115385 0.846154 0 0 0
41.1492 205.63 -21.5968 0.076923 0.846154 0 0 0
49.6354 191.935 -43.9732 0.115385 0.769231 0 0 0
41.1492 205.63 -21.5968 0.076923 0.846154 0 0 0
58.7166 191.935 -30.8168 0.076923 0.769231 0 0 0
37.6697 191.935 -54.5739 0.153846 0.769231 0 0 0
26.3993 205.63 -38.246 0.153846 0.846154 0 0 0
34.785 205.63 -30.8168 0.115385 0.846154 0 0 0
37.6697 191.935 -54.5739 0.153846 0.769231 0 0 0
34.785 205.63 -30.8168 0.115385 0.846154 0 0 0
49.6354 191.935 -43.9732 0.115385 0.769231 0 0 0
23.5147 191.935 -62.003 0.192308 0.769231 0 0 0
16.4793 205.63 -43.4524 0.192308 0.846154 0 0 0
26.3993 205.63 -38.246 0.153846 0.846154 0 0 0
23.5147 191.935 -62.003 0.192308 0.769231 0 0 0
26.3993 205.63 -38.246 0.153846 0.846154 0 0 0
37.6697 191.935 -54.5739 0.153846 0.769231 0 0 0
7.99306 191.935 -65.8288 0.230769 0.769231 0 0 0
5.60162 205.63 -46.1335 0.230769 0.846154 0 0 0
16.4793 205.63 -43.4524 0.192308 0.846154 0 0 0
7.99306 191.935 -65.8288 0.230769 0.769231 0 0 0
16.4793 205.63 -43.4524 0.192308 0.846154 0 0 0
23.5147 191.935 -62.003 0.192308 0.769231 0 0 0
-7.99306 191.935 -65.8288 0.269231 0.769231 0 0 0
-5.60162 205.63 -46.1335 0.269231 0.846154 0 0 0
5.60162 205.63 -46.1335 0.230769 0.846154 0 0 0
-7.99306 191.935 -65.8288 0.269231 0.769231 0 0 0
5.60162 205.63 -46.1335 0.230769 0.846154 0 0 0
7.99306 191.935 -65.8288 0.230769 0.769231 0 0 0
-23.5147 191.935 -62.003 0.307692 0.769231 0 0 0
-16.4793 205.63 -43.4524 0.307692 0.846154 0 0 0
-5.60162 205.63 -46.1335 0.269231 0.846154 0 0 0
-23.5147 191.935 -62.003 0.307692 0.769231 0 0 0
-5.60162 205.63 -46.1335 0.269231 0.846154 0 0 0
-7.99306 191.935 -65.8288 0.269231 0.769231 0 0 0
-37.6697 191.935 -54.5739 0.346154 0.769231 0 0 0
-26.3993 205.63 -38.246 0.346154 0.846154 0 0 0
-16.4793 205.63 -43.4524 0.307692 0.846154 0 0 0
-37.6697 191.935 -54.5739 0.346154 0.769231 0 0 0
-16.4793 205.63 -43.4524 0.307692 0.846154 0 0 0
-23.5147 191.935 -62.003 0.307692 0.769231 0 0 0
-49.6354 191.935 -43.9732 0.384615 0.769231 0 0 0
-34.785 205.63 -30.8168 0.384615 0.846154 0 0 0
-26.3993 205.63 -38.246 0.346154 0.846154 0 0 0
-49.6354 191.935 -43.9732 0.384615 0.769231 0 0 0
-26.3993 205.63 -38.246 0.346154 0.846154 0 0 0
-37.6697 191.935 -54.5739 0.346154 0.769231 0 0 0
-58.7166 191.935 -30.8169 0.423077 0.769231 0 0 0
-41.1492 205.63 -21.5968 0.423077 0.846154 0 0 0
-34.785 205.63 -30.8168 0.384615 0.846154 0 0 0
-58.7166 191.935 -30.8169 0.423077 0.769231 0 0 0
-34.785 205.63 -30.8168 0.384615 0.846154 0 0 0
-49.6354 191.935 -43.9732 0.384615 0.769231 0 0 0
-64.3854 191.935 -15.8696 0.461538 0.769231 0 0 0
-45.1219 205.63 -11.1216 0.461538 0.846154 0 0 0
-41.1492 205.63 -21.5968 0.423077 0.846154 0 0 0
-64.3854 191.935 -15.8696 0.461538 0.769231 0 0 0
-41.1492 205.63 -21.5968 0.423077 0.846154 0 0 0
-58.7166 191.935 -30.8169 0.423077 0.769231 0 0 0
-66.3123 191.935 6e-006 0.5 0.769231 0 0 0
-46.4723 205.63 4e-006 0.5 0.846154 0 0 0
-45.1219 205.63 -11.1216 0.461538 0.846154 0 0 0
-66.3123 191.935 6e-006 0.5 0.769231 0 0 0
-45.1219 205.63 -11.1216 0.461538 0.846154 0 0 0
-64.3854 191.935 -15.8696 0.461538 0.769231 0 0 0
-64.3854 191.935 15.8696 0.538462 0.769231 0 0 0
-45.1219 205.63 11.1216 0.538462 0.846154 0 0 0
-46.4723 205.63 4e-006 0.5 0.846154 0 0 0
-64.3854 191.935 15.8696 0.538462 0.769231 0 0 0
-46.4723 205.63 4e-006 0.5 0.846154 0 0 0
-66.3123 191.935 6e-006 0.5 0.769231 0 0 0
-58.7166 191.935 30.8168 0.576923 0.769231 0 0 0
-41.1492 205.63 21.5968 0.576923 0.846154 0 0 0
-45.1219 205.63 11.1216 0.538462 0.846154 0 0 0
-58.7166 191.935 30.8168 0.576923 0.769231 0 0 0
-45.1219 205.63 11.1216 0.538462 0.846154 0 0 0
-64.3854 191.935 15.8696 0.538462 0.769231 0 0 0
-49.6354 191.935 43.9732 0.615385 0.769231 0 0 0
-34.785 205.63 30.8168 0.615385 0.846154 0 0 0
-41.1492 205.63 21.5968 0.576923 0.846154 0 0 0
-49.6354 191.935 43.9732 0.615385 0.769231 0 0 0
-41.1492 205.63 21.5968 0.576923 0.846154 0 0 0
-58.7166 191.935 30.8168 0.576923 0.769231 0 0 0
-37.6697 191.935 54.5739 0.653846 0.769231 0 0 0
-26.3993 205.63 38.246 0.653846 0.846154 0 0 0
-34.785 205.63 30.8168 0.615385 0.846154 0 0 0
-37.6697 191.935 54.5739 0.653846 0.769231 0 0 0
-34.785 205.63 30.8168 0.615385 0.846154 0 0 0
-49.6354 191.935 43.9732 0.615385 0.769231 0 0 0
-23.5147 191.935 62.003 0.692308 0.769231 0 0 0
-16.4793 205.63 43.4524 0.692308 0.846154 0 0 0
-26.3993 205.63 38.246 0.653846 0.846154 0 0 0
-23.5147 191.935 62.003 0.692308 0.769231 0 0 0
-26.3993 205.63 38.246 0.653846 0.846154 0 0 0
-37.6697 191.935 54.5739 0.653846 0.769231 0 0 0
-7.99306 191.935 65.8288 0.730769 0.769231 0 0 0
-5.60162 205.63 46.1335 0.730769 0.846154 0 0 0
-16.4793 205.63 43.4524 0.692308 0.846154 0 0 0
-7.99306 191.935 65.8288 0.730769 0.769231 0 0 0
-16.4793 205.63 43.4524 0.692308 0.846154 0 0 0
-23.5147 191.935 62.003 0.692308 0.769231 0 0 0
7.99306 191.935 65.8288 0.769231 0.769231 0 0 0
5.60162 205.63 46.1335 0.769231 0.846154 0 0 0
-5.60162 205.63 46.1335 0.730769 0.846154 0 0 0
7.99306 191.935 65.8288 0.769231 0.769231 0 0 0
-5.60162 205.63 46.1335 0.730769 0.846154 0 0 0
-7.99306 191.935 65.8288 0.730769 0.769231 0 0 0
23.5147 191.935 62.003 0.807692 0.769231 0 0 0
16.4793 205.63 43.4524 0.807692 0.846154 0 0 0
5.60162 205.63 46.1335 0.769231 0.846154 0 0 0
23.5147 191.935 62.003 0.807692 0.769231 0 0 0
5.60162 205.63 46.1335 0.769231 0.846154 0 0 0
7.99306 191.935 65.8288 0.769231 0.769231 0 0 0
37.6696 191.935 54.5739 0.846154 0.769231 0 0 0
26.3993 205.63 38.246 0.846154 0.846154 0 0 0
16.4793 205.63 43.4524 0.807692 0.846154 0 0 0
37.6696 191.935 54.5739 0.846154 0.769231 0 0 0
16.4793 205.63 43.4524 0.807692 0.846154 0 0 0
23.5147 191.935 62.003 0.807692 0.769231 0 0 0
49.6354 191.935 43.9732 0.884615 0.769231 0 0 0
34.785 205.63 30.8169 0.884615 0.846154 0 0 0
26.3993 205.63 38.246 0.846154 0.846154 0 0 0
49.6354 191.935 43.9732 0.884615 0.769231 0 0 0
26.3993 205.63 38.246 0.846154 0.846154 0 0 0
37.6696 191.935 54.5739 0.846154 0.769231 0 0 0
58.7166 191.935 30.8168 0.923077 0.769231 0 0 0
41.1492 205.63 21.5968 0.923077 0.846154 0 0 0
34.785 205.63 30.8169 0.884615 0.846154 0 0 0
58.7166 191.935 30.8168 0.923077 0.769231 0 0 0
34.785 205.63 30.8169 0.884615 0.846154 0 0 0
49.6354 191.935 43.9732 0.884615 0.769231 0 0 0
64.3854 191.935 15.8696 0.961538 0.769231 0 0 0
45.1219 205.63 11.1216 0.961538 0.846154 0 0 0
41.1492 205.63 21.5968 0.923077 0.846154 0 0 0
64.3854 191.935 15.8696 0.961538 0.769231 0 0 0
41.1492 205.63 21.5968 0.923077 0.846154 0 0 0
58.7166 191.935 30.8168 0.923077 0.769231 0 0 0
66.3123 191.935 0 1 0.769231 0 0 0
46.4723 205.63 0 1 0.846154 0 0 0
45.1219 205.63 11.1216 0.961538 0.846154 0 0 0
66.3123 191.935 0 1 0.769231 0 0 0
45.1219 205.63 11.1216 0.961538 0.846154 0 0 0
64.3854 191.935 15.8696 0.961538 0.769231 0 0 0
45.1219 205.63 -11.1216 0.038462 0.846154 0 0 0
23.2362 214.178 -5.7272 0.038462 0.923077 0 0 0
23.9316 214.178 0 0 0.923077 0 0 0
45.1219 205.63 -11.1216 0.038462 0.846154 0 0 0
23.9316 214.178 0 0 0.923077 0 0 0
46.4723 205.63 0 0 0.846154 0 0 0
41.1492 205.63 -21.5968 0.076923 0.846154 0 0 0
21.1904 214.178 -11.1216 0.076923 0.923077 0 0 0
23.2362 214.178 -5.7272 0.038462 0.923077 0 0 0
41.1492 205.63 -21.5968 0.076923 0.846154 0 0 0
23.2362 214.178 -5.7272 0.038462 0.923077 0 0 0
45.1219 205.63 -11.1216 0.038462 0.846154 0 0 0
34.785 205.63 -30.8168 0.115385 0.846154 0 0 0
17.913 214.178 -15.8696 0.115385 0.923077 0 0 0
21.1904 214.178 -11.1216 0.076923 0.923077 0 0 0
34.785 205.63 -30.8168 0.115385 0.846154 0 0 0
21.1904 214.178 -11.1216 0.076923 0.923077 0 0 0
41.1492 205.63 -21.5968 0.076923 0.846154 0 0 0
26.3993 205.63 -38.246 0.153846 0.846154 0 0 0
13.5947 214.178 -19.6953 0.153846 0.923077 0 0 0
17.913 214.178 -15.8696 0.115385 0.923077 0 0 0
26.3993 205.63 -38.246 0.153846 0.846154 0 0 0
17.913 214.178 -15.8696 0.115385 0.923077 0 0 0
34.785 205.63 -30.8168 0.115385 0.846154 0 0 0
16.4793 205.63 -43.4524 0.192308 0.846154 0 0 0
8.48625 214.178 -22.3764 0.192308 0.923077 0 0 0
13.5947 214.178 -19.6953 0.153846 0.923077 0 0 0
16.4793 205.63 -43.4524 0.192308 0.846154 0 0 0
13.5947 214.178 -19.6953 0.153846 0.923077 0 0 0
26.3993 205.63 -38.246 0.153846 0.846154 0 0 0
5.60162 205.63 -46.1335 0.230769 0.846154 0 0 0
2.88463 214.178 -23.7571 0.230769 0.923077 0 0 0
8.48625 214.178 -22.3764 0.192308 0.923077 0 0 0
5.60162 205.63 -46.1335 0.230769 0.846154 0 0 0
8.48625 214.178 -22.3764 0.192308 0.923077 0 0 0
16.4793 205.63 -43.4524 0.192308 0.846154 0 0 0
-5.60162 205.63 -46.1335 0.269231 0.846154 0 0 0
-2.88463 214.178 -23.7571 0.269231 0.923077 0 0 0
2.88463 214.178 -23.7571 0.230769 0.923077 0 0 0
-5.60162 205.63 -46.1335 0.269231 0.846154 0 0 0
2.88463 214.178 -23.7571 0.230769 0.923077 0 0 0
5.60162 205.63 -46.1335 0.230769 0.846154 0 0 0
-16.4793 205.63 -43.4524 0.307692 0.846154 0 0 0
-8.48625 214.178 -22.3764 0.307692 0.923077 0 0 0
-2.88463 214.178 -23.7571 0.269231 0.923077 0 0 0
-16.4793 205.63 -43.4524 0.307692 0.846154 0 0 0
-2.88463 214.178 -23.7571 0.269231 0.923077 0 0 0
-5.60162 205.63 -46.1335 0.269231 0.846154 0 0 0
-26.3993 205.63 -38.246 0.346154 0.846154 0 0 0
-13.5947 214.178 -19.6953 0.346154 0.923077 0 0 0
-8.48625 214.178 -22.3764 0.307692 0.923077 0 0 0
-26.3993 205.63 -38.246 0.346154 0.846154 0 0 0
-8.48625 214.178 -22.3764 0.307692 0.923077 0 0 0
-16.4793 205.63 -43.4524 0.307692 0.846154 0 0 0
-34.785 205.63 -30.8168 0.384615 0.846154 0 0 0
-17.913 214.178 -15.8696 0.384615 0.923077 0 0 0
-13.5947 214.178 -19.6953 0.346154 0.923077 0 0 0
-34.785 205.63 -30.8168 0.384615 0.846154 0 0 0
-13.5947 214.178 -19.6953 0.346154 0.923077 0 0 0
-26.3993 205.63 -38.246 0.346154 0.846154 0 0 0
-41.1492 205.63 -21.5968 0.423077 0.846154 0 0 0
-21.1904 214.178 -11.1216 0.423077 0.923077 0 0 0
-17.913 214.178 -15.8696 0.384615 0.923077 0 0 0
-41.1492 205.63 -21.5968 0.423077 0.846154 0 0 0
-17.913 214.178 -15.8696 0.384615 0.923077 0 0 0
-34.785 205.63 -30.8168 0.384615 0.846154 0 0 0
-45.1219 205.63 -11.1216 0.461538 0.846154 0 0 0
-23.2362 214.178 -5.7272 0.461538 0.923077 0 0 0
-21.1904 214.178 -11.1216 0.423077 0.923077 0 0 0
-45.1219 205.63 -11.1216 0.461538 0.846154 0 0 0
-21.1904 214.178 -11.1216 0.423077 0.923077 0 0 0
-41.1492 205.63 -21.5968 0.423077 0.846154 0 0 0
-46.4723 205.63 4e-006 0.5 0.846154 0 0 0
-23.9316 214.178 2e-006 0.5 0.923077 0 0 0
-23.2362 214.178 -5.7272 0.461538 0.923077 0 0 0
-46.4723 205.63 4e-006 0.5 0.846154 0 0 0
-23.2362 214.178 -5.7272 0.461538 0.923077 0 0 0
-45.1219 205.63 -11.1216 0.461538 0.846154 0 0 0
-45.1219 205.63 11.1216 0.538462 0.846154 0 0 0
-23.2362 214.178 5.7272 0.538462 0.923077 0 0 0
-23.9316 214.178 2e-006 0.5 0.923077 0 0 0
-45.1219 205.63 11.1216 0.538462 0.846154 0 0 0
-23.9316 214.178 2e-006 0.5 0.923077 0 0 0
-46.4723 205.63 4e-006 0.5 0.846154 0 0 0
-41.1492 205.63 21.5968 0.576923 0.846154 0 0 0
-21.1904 214.178 11.1216 0.576923 0.923077 0 0 0
-23.2362 214.178 5.7272 0.538462 0.923077 0 0 0
-41.1492 205.63 21.5968 0.576923 0.846154 0 0 0
-23.2362 214.178 5.7272 0.538462 0.923077 0 0 0
-45.1219 205.63 11.1216 0.538462 0.846154 0 0 0
-34.785 205.63 30.8168 0.615385 0.846154 0 0 0
-17.913 214.178 15.8696 0.615385 0.923077 0 0 0
-21.1904 214.178 11.1216 0.576923 0.923077 0 0 0
-34.785 205.63 30.8168 0.615385 0.846154 0 0 0
-21.1904 214.178 11.1216 0.576923 0.923077 0 0 0
-41.1492 205.63 21.5968 0.576923 0.846154 0 0 0
-26.3993 205.63 38.246 0.653846 0.846154 0 0 0
-13.5947 214.178 19.6953 0.653846 0.923077 0 0 0
-17.913 214.178 15.8696 0.615385 0.923077 0 0 0
-26.3993 205.63 38.246 0.653846 0.846154 0 0 0
-17.913 214.178 15.8696 0.615385 0.923077 0 0 0
-34.785 205.63 30.8168 0.615385 0.846154 0 0 0
-16.4793 205.63 43.4524 0.692308 0.846154 0 0 0
-8.48626 214.178 22.3764 0.692308 0.923077 0 0 0
-13.5947 214.178 19.6953 0.653846 0.923077 0 0 0
-16.4793 205.63 43.4524 0.692308 0.846154 0 0 0
-13.5947 214.178 19.6953 0.653846 0.923077 0 0 0
-26.3993 205.63 38.246 0.653846 0.846154 0 0 0
-5.60162 205.63 46.1335 0.730769 0.846154 0 0 0
-2.88463 214.178 23.7571 0.730769 0.923077 0 0 0
-8.48626 214.178 22.3764 0.692308 0.923077 0 0 0
-5.60162 205.63 46.1335 0.730769 0.846154 0 0 0
-8.48626 214.178 22.3764 0.692308 0.923077 0 0 0
-16.4793 205.63 43.4524 0.692308 0.846154 0 0 0
5.60162 205.63 46.1335 0.769231 0.846154 0 0 0
2.88463 214.178 23.7571 0.769231 0.923077 0 0 0
-2.88463 214.178 23.7571 0.730769 0.923077 0 0 0
5.60162 205.63 46.1335 0.769231 0.846154 0 0 0
-2.88463 214.178 23.7571 0.730769 0.923077 0 0 0
-5.60162 205.63 46.1335 0.730769 0.846154 0 0 0
16.4793 205.63 43.4524 0.807692 0.846154 0 0 0
8.48626 214.178 22.3764 0.807692 0.923077 0 0 0
2.88463 214.178 23.7571 0.769231 0.923077 0 0 0
16.4793 205.63 43.4524 0.807692 0.846154 0 0 0
2.88463 214.178 23.7571 0.769231 0.923077 0 0 0
5.60162 205.63 46.1335 0.769231 0.846154 0 0 0
26.3993 205.63 38.246 0.846154 0.846154 0 0 0
13.5947 214.178 19.6953 0.846154 0.923077 0 0 0
8.48626 214.178 22.3764 0.807692 0.923077 0 0 0
26.3993 205.63 38.246 0.846154 0.846154 0 0 0
8.48626 214.178 22.3764 0.807692 0.923077 0 0 0
16.4793 205.63 43.4524 0.807692 0.846154 0 0 0
34.785 205.63 30.8169 0.884615 0.846154 0 0 0
17.913 214.178 15.8696 0.884615 0.923077 0 0 0
13.5947 214.178 19.6953 0.846154 0.923077 0 0 0
34.785 205.63 30.8169 0.884615 0.846154 0 0 0
13.5947 214.178 19.6953 0.846154 0.923077 0 0 0
26.3993 205.63 38.246 0.846154 0.846154 0 0 0
41.1492 205.63 21.5968 0.923077 0.846154 0 0 0
21.1904 214.178 11.1216 0.923077 0.923077 0 0 0
17.913 214.178 15.8696 0.884615 0.923077 0 0 0
41.1492 205.63 21.5968 0.923077 0.846154 0 0 0
17.913 214.178 15.8696 0.884615 0.923077 0 0 0
34.785 205.63 30.8169 0.884615 0.846154 0 0 0
45.1219 205.63 11.1216 0.961538 0.846154 0 0 0
23.2362 214.178 5.7272 0.961538 0.923077 0 0 0
21.1904 214.178 11.1216 0.923077 0.923077 0 0 0
45.1219 205.63 11.1216 0.961538 0.846154 0 0 0
21.1904 214.178 11.1216 0.923077 0.923077 0 0 0
41.1492 205.63 21.5968 0.923077 0.846154 0 0 0
46.4723 205.63 0 1 0.846154 0 0 0
23.9316 214.178 0 1 0.923077 0 0 0
23.2362 214.178 5.7272 0.961538 0.923077 0 0 0
46.4723 205.63 0 1 0.846154 0 0 0
23.2362 214.178 5.7272 0.961538 0.923077 0 0 0
45.1219 205.63 11.1216 0.961538 0.846154 0 0 0
23.2362 19.99 -5.7272 0.038462 0.076923 0 0 0
23.9316 19.99 0 0 0.076923 0 0 0
0 17.0841 0 0 0 0 0 0
0 217.084 0 0 1 0 0 0
23.9316 214.178 0 0 0.923077 0 0 0
23.2362 214.178 -5.7272 0.038462 0.923077 0 0 0
21.1904 19.99 -11.1216 0.076923 0.076923 0 0 0
23.2362 19.99 -5.7272 0.038462 0.076923 0 0 0
0 17.0841 0 0.038462 0 0 0 0
0 217.084 0 0.038462 1 0 0 0
23.2362 214.178 -5.7272 0.038462 0.923077 0 0 0
21.1904 214.178 -11.1216 0.076923 0.923077 0 0 0
17.913 19.99 -15.8696 0.115385 0.076923 0 0 0
21.1904 19.99 -11.1216 0.076923 0.076923 0 0 0
0 17.0841 0 0.076923 0 0 0 0
0 217.084 0 0.076923 1 0 0 0
21.1904 214.178 -11.1216 0.076923 0.923077 0 0 0
17.913 214.178 -15.8696 0.115385 0.923077 0 0 0
13.5947 19.99 -19.6953 0.153846 0.076923 0 0 0
17.913 19.99 -15.8696 0.115385 0.076923 0 0 0
0 17.0841 0 0.115385 0 0 0 0
0 217.084 0 0.115385 1 0 0 0
17.913 214.178 -15.8696 0.115385 0.923077 0 0 0
13.5947 214.178 -19.6953 0.153846 0.923077 0 0 0
8.48625 19.99 -22.3764 0.192308 0.076923 0 0 0
13.5947 19.99 -19.6953 0.153846 0.076923 0 0 0
0 17.0841 0 0.153846 0 0 0 0
0 217.084 0 0.153846 1 0 0 0
13.5947 214.178 -19.6953 0.153846 0.923077 0 0 0
8.48625 214.178 -22.3764 0.192308 0.923077 0 0 0
2.88463 19.99 -23.7571 0.230769 0.076923 0 0 0
8.48625 19.99 -22.3764 0.192308 0.076923 0 0 0
0 17.0841 0 0.192308 0 0 0 0
0 217.084 0 0.192308 1 0 0 0
8.48625 214.178 -22.3764 0.192308 0.923077 0 0 0
2.88463 214.178 -23.7571 0.230769 0.923077 0 0 0
-2.88463 19.99 -23.7571 0.269231 0.076923 0 0 0
2.88463 19.99 -23.7571 0.230769 0.076923 0 0 0
0 17.0841 0 0.230769 0 0 0 0
0 217.084 0 0.230769 1 0 0 0
2.88463 214.178 -23.7571 0.230769 0.923077 0 0 0
-2.88463 214.178 -23.7571 0.269231 0.923077 0 0 0
-8.48625 19.99 -22.3764 0.307692 0.076923 0 0 0
-2.88463 19.99 -23.7571 0.269231 0.076923 0 0 0
0 17.0841 0 0.269231 0 0 0 0
0 217.084 0 0.269231 1 0 0 0
-2.88463 214.178 -23.7571 0.269231 0.923077 0 0 0
-8.48625 214.178 -22.3764 0.307692 0.923077 0 0 0
-13.5947 19.99 -19.6953 0.346154 0.076923 0 0 0
-8.48625 19.99 -22.3764 0.307692 0.076923 0 0 0
0 17.0841 0 0.307692 0 0 0 0
0 217.084 0 0.307692 1 0 0 0
-8.48625 214.178 -22.3764 0.307692 0.923077 0 0 0
-13.5947 214.178 -19.6953 0.346154 0.923077 0 0 0
-17.913 19.99 -15.8696 0.384615 0.076923 0 0 0
-13.5947 19.99 -19.6953 0.346154 0.076923 0 0 0
0 17.0841 0 0.346154 0 0 0 0
0 217.084 0 0.346154 1 0 0 0
-13.5947 214.178 -19.6953 0.346154 0.923077 0 0 0
-17.913 214.178 -15.8696 0.384615 0.923077 0 0 0
-21.1904 19.99 -11.1216 0.423077 0.076923 0 0 0
-17.913 19.99 -15.8696 0.384615 0.076923 0 0 0
0 17.0841 0 0.384615 0 0 0 0
0 217.084 0 0.384615 1 0 0 0
-17.913 214.178 -15.8696 0.384615 0.923077 0 0 0
-21.1904 214.178 -11.1216 0.423077 0.923077 0 0 0
-23.2362 19.99 -5.7272 0.461538 0.076923 0 0 0
-21.1904 19.99 -11.1216 0.423077 0.076923 0 0 0
0 17.0841 0 0.423077 0 0 0 0
0 217.084 0 0.423077 1 0 0 0
-21.1904 214.178 -11.1216 0.423077 0.923077 0 0 0
-23.2362 214.178 -5.7272 0.461538 0.923077 0 0 0
-23.9316 19.99 2e-006 0.5 0.076923 0 0 0
-23.2362 19.99 -5.7272 0.461538 0.076923 0 0 0
0 17.0841 0 0.461538 0 0 0 0
0 217.084 0 0.461538 1 0 0 0
-23.2362 214.178 -5.7272 0.461538 0.923077 0 0 0
-23.9316 214.178 2e-006 0.5 0.923077 0 0 0
-23.2362 19.99 5.7272 0.538462 0.076923 0 0 0
-23.9316 19.99 2e-006 0.5 0.076923 0 0 0
0 17.0841 0 0.5 0 0 0 0
0 217.084 0 0.5 1 0 0 0
-23.9316 214.178 2e-006 0.5 0.923077 0 0 0
-23.2362 214.178 5.7272 0.538462 0.923077 0 0 0
-21.1904 19.99 11.1216 0.576923 0.076923 0 0 0
-23.2362 19.99 5.7272 0.538462 0.076923 0 0 0
0 17.0841 0 0.538462 0 0 0 0
0 217.084 0 0.538462 1 0 0 0
-23.2362 214.178 5.7272 0.538462 0.923077 0 0 0
-21.1904 214.178 11.1216 0.576923 0.923077 0 0 0
-17.913 19.99 15.8696 0.615385 0.076923 0 0 0
-21.1904 19.99 11.1216 0.576923 0.076923 0 0 0
0 17.0841 0 0.576923 0 0 0 0
0 217.084 0 0.576923 1 0 0 0
-21.1904 214.178 11.1216 0.576923 0.923077 0 0 0
-17.913 214.178 15.8696 0.615385 0.923077 0 0 0
-13.5947 19.99 19.6953 0.653846 0.076923 0 0 0
-17.913 19.99 15.8696 0.615385 0.076923 0 0 0
0 17.0841 0 0.615385 0 0 0 0
0 217.084 0 0.615385 1 0 0 0
-17.913 214.178 15.8696 0.615385 0.923077 0 0 0
-13.5947 214.178 19.6953 0.653846 0.923077 0 0 0
-8.48626 19.99 22.3764 0.692308 0.076923 0 0 0
-13.5947 19.99 19.6953 0.653846 0.076923 0 0 0
0 17.0841 0 0.653846 0 0 0 0
0 217.084 0 0.653846 1 0 0 0
-13.5947 214.178 19.6953 0.653846 0.923077 0 0 0
-8.48626 214.178 22.3764 0.692308 0.923077 0 0 0
-2.88463 19.99 23.7571 0.730769 0.076923 0 0 0
-8.48626 19.99 22.3764 0.692308 0.076923 0 0 0
0 17.0841 0 0.692308 0 0 0 0
0 217.084 0 0.692308 1 0 0 0
-8.48626 214.178 22.3764 0.692308 0.923077 0 0 0
-2.88463 214.178 23.7571 0.730769 0.923077 0 0 0
2.88463 19.99 23.7571 0.769231 0.076923 0 0 0
-2.88463 19.99 23.7571 0.730769 0.076923 0 0 0
0 17.0841 0 0.730769 0 0 0 0
0 217.084 0 0.730769 1 0 0 0
-2.88463 214.178 23.7571 0.730769 0.923077 0 0 0
2.88463 214.178 23.7571 0.769231 0.923077 0 0 0
8.48626 19.99 22.3764 0.807692 0.076923 0 0 0
2.88463 19.99 23.7571 0.769231 0.076923 0 0 0
0 17.0841 0 0.769231 0 0 0 0
0 217.084 0 0.769231 1 0 0 0
2.88463 214.178 23.7571 0.769231 0.923077 0 0 0
8.48626 214.178 22.3764 0.807692 0.923077 0 0 0
13.5947 19.99 19.6953 0.846154 0.076923 0 0 0
8.48626 19.99 22.3764 0.807692 0.076923 0 0 0
0 17.0841 0 0.807692 0 0 0 0
0 217.084 0 0.807692 1 0 0 0
8.48626 214.178 22.3764 0.807692 0.923077 0 0 0
13.5947 214.178 19.6953 0.846154 0.923077 0 0 0
17.913 19.99 15.8696 0.884615 0.076923 0 0 0
13.5947 19.99 19.6953 0.846154 0.076923 0 0 0
0 17.0841 0 0.846154 0 0 0 0
0 217.084 0 0.846154 1 0 0 0
13.5947 214.178 19.6953 0.846154 0.923077 0 0 0
17.913 214.178 15.8696 0.884615 0.923077 0 0 0
21.1904 19.99 11.1216 0.923077 0.076923 0 0 0
17.913 19.99 15.8696 0.884615 0.076923 0 0 0
0 17.0841 0 0.884615 0 0 0 0
0 217.084 0 0.884615 1 0 0 0
17.913 214.178 15.8696 0.884615 0.923077 0 0 0
21.1904 214.178 11.1216 0.923077 0.923077 0 0 0
23.2362 19.99 5.7272 0.961538 0.076923 0 0 0
21.1904 19.99 11.1216 0.923077 0.076923 0 0 0
0 17.0841 0 0.923077 0 0 0 0
0 217.084 0 0.923077 1 0 0 0
21.1904 214.178 11.1216 0.923077 0.923077 0 0 0
23.2362 214.178 5.7272 0.961538 0.923077 0 0 0
23.9316 19.99 0 1 0.076923 0 0 0
23.2362 19.99 5.7272 0.961538 0.076923 0 0 0
0 17.0841 0 0.961538 0 0 0 0
0 217.084 0 0.961538 1 0 0 0
23.2362 214.178 5.7272 0.961538 0.923077 0 0 0
23.9316 214.178 0 1 0.923077 0 0 0
