Vertex Count: 96

Data:

-263.082 0 2637.87 0.0005 0.0005 0 -1 -0
-263.082 0 1674.79 0.0005 0.2502 0 -1 -0
566.404 0 1674.79 0.2502 0.2502 0 -1 -0
-263.082 0 2637.87 0.0005 0.0005 0 -1 -0
566.404 0 1674.79 0.2502 0.2502 0 -1 -0
566.404 0 2637.87 0.2502 0.0005 0 -1 -0
566.404 0 2637.87 0.2502 0.0005 0 -1 -0
566.404 0 1674.79 0.2502 0.2502 0 -1 -0
1395.89 0 1674.79 0.5 0.2502 0 -1 -0
566.404 0 2637.87 0.2502 0.0005 0 -1 -0
1395.89 0 1674.79 0.5 0.2502 0 -1 -0
1395.89 0 2637.87 0.5 0.0005 0 -1 -0
1395.89 0 2637.87 0.5 0.0005 0 -1 -0
1395.89 0 1674.79 0.5 0.2502 0 -1 -0
2225.38 0 1674.79 0.7498 0.2502 0 -1 -0
1395.89 0 2637.87 0.5 0.0005 0 -1 -0
2225.38 0 1674.79 0.7498 0.2502 0 -1 -0
2225.38 0 2637.87 0.7498 0.0005 0 -1 -0
2225.38 0 2637.87 0.7498 0.0005 0 -1 -0
2225.38 0 1674.79 0.7498 0.2502 0 -1 -0
3054.86 0 1674.79 0.9995 0.2502 0 -1 -0
2225.38 0 2637.87 0.7498 0.0005 0 -1 -0
3054.86 0 1674.79 0.9995 0.2502 0 -1 -0
3054.86 0 2637.87 0.9995 0.0005 0 -1 -0
-263.082 0 1674.79 0.0005 0.2502 0 -1 -0
-263.082 0 711.702 0.0005 0.5 0 -1 -0
566.404 0 711.702 0.2502 0.5 0 -1 -0
-263.082 0 1674.79 0.0005 0.2502 0 -1 -0
566.404 0 711.702 0.2502 0.5 0 -1 -0
566.404 0 1674.79 0.2502 0.2502 0 -1 -0
566.404 0 1674.79 0.2502 0.2502 0 -1 -0
566.404 0 711.702 0.2502 0.5 0 -1 -0
1395.89 0 711.702 0.5 0.5 0 -1 -0
566.404 0 1674.79 0.2502 0.2502 0 -1 -0
1395.89 0 711.702 0.5 0.5 0 -1 -0
1395.89 0 1674.79 0.5 0.2502 0 -1 -0
1395.89 0 1674.79 0.5 0.2502 0 -1 -0
1395.89 0 711.702 0.5 0.5 0 -1 -0
2225.38 0 711.702 0.7498 0.5 0 -1 -0
1395.89 0 1674.79 0.5 0.2502 0 -1 -0
2225.38 0 711.702 0.7498 0.5 0 -1 -0
2225.38 0 1674.79 0.7498 0.2502 0 -1 -0
2225.38 0 1674.79 0.7498 0.2502 0 -1 -0
2225.38 0 711.702 0.7498 0.5 0 -1 -0
3054.86 0 711.702 0.9995 0.5 0 -1 -0
2225.38 0 1674.79 0.7498 0.2502 0 -1 -0
3054.86 0 711.702 0.9995 0.5 0 -1 -0
3054.86 0 1674.79 0.9995 0.2502 0 -1 -0
-263.082 0 711.702 0.0005 0.5 0 -1 -0
-263.082 0 -251.384 0.0005 0.7498 0 -1 -0
566.404 0 -251.384 0.2502 0.7498 0 -1 -0
-263.082 0 711.702 0.0005 0.5 0 -1 -0
566.404 0 -251.384 0.2502 0.7498 0 -1 -0
566.404 0 711.702 0.2502 0.5 0 -1 -0
566.404 0 711.702 0.2502 0.5 0 -1 -0
566.404 0 -251.384 0.2502 0.7498 0 -1 -0
1395.89 0 -251.384 0.5 0.7498 0 -1 -0
566.404 0 711.702 0.2502 0.5 0 -1 -0
1395.89 0 -251.384 0.5 0.7498 0 -1 -0
1395.89 0 711.702 0.5 0.5 0 -1 -0
1395.89 0 711.702 0.5 0.5 0 -1 -0
1395.89 0 -251.384 0.5 0.7498 0 -1 -0
2225.38 0 -251.384 0.7498 0.7498 0 -1 -0
1395.89 0 711.702 0.5 0.5 0 -1 -0
2225.38 0 -251.384 0.7498 0.7498 0 -1 -0
2225.38 0 711.702 0.7498 0.5 0 -1 -0
2225.38 0 711.702 0.7498 0.5 0 -1 -0
2225.38 0 -251.384 0.7498 0.7498 0 -1 -0
3054.86 0 -251.384 0.9995 0.7498 0 -1 -0
2225.38 0 711.702 0.7498 0.5 0 -1 -0
3054.86 0 -251.384 0.9995 0.7498 0 -1 -0
3054.86 0 711.702 0.9995 0.5 0 -1 -0
-263.082 0 -251.384 0.0005 0.7498 0 -1 -0
-263.082 0 -1214.47 0.0005 0.9995 0 -1 -0
566.404 0 -1214.47 0.2502 0.9995 0 -1 -0
-263.082 0 -251.384 0.0005 0.7498 0 -1 -0
566.404 0 -1214.47 0.2502 0.9995 0 -1 -0
566.404 0 -251.384 0.2502 0.7498 0 -1 -0
566.404 0 -251.384 0.2502 0.7498 0 -1 -0
566.404 0 -1214.47 0.2502 0.9995 0 -1 -0
1395.89 0 -1214.47 0.5 0.9995 0 -1 -0
566.404 0 -251.384 0.2502 0.7498 0 -1 -0
1395.89 0 -1214.47 0.5 0.9995 0 -1 -0
1395.89 0 -251.384 0.5 0.7498 0 -1 -0
1395.89 0 -251.384 0.5 0.7498 0 -1 -0
1395.89 0 -1214.47 0.5 0.9995 0 -1 -0
2225.38 0 -1214.47 0.7498 0.9995 0 -1 -0
1395.89 0 -251.384 0.5 0.7498 0 -1 -0
2225.38 0 -1214.47 0.7498 0.9995 0 -1 -0
2225.38 0 -251.384 0.7498 0.7498 0 -1 -0
2225.38 0 -251.384 0.7498 0.7498 0 -1 -0
2225.38 0 -1214.47 0.7498 0.9995 0 -1 -0
3054.86 0 -1214.47 0.9995 0.9995 0 -1 -0
2225.38 0 -251.384 0.7498 0.7498 0 -1 -0
3054.86 0 -1214.47 0.9995 0.9995 0 -1 -0
3054.86 0 -251.384 0.9995 0.7498 0 -1 -0
