Vertex Count: 1872

Data:

0.107038 0.0920842 -0.0263824 0.038462 0.076923 0 0 0
0.207855 0.131463 -0.0512318 0.038462 0.153846 0 0 0
0.214075 0.131463 0 0 0.153846 0 0 0
0.107038 0.0920842 -0.0263824 0.038462 0.076923 0 0 0
0.214075 0.131463 0 0 0.153846 0 0 0
0.110241 0.0920842 0 0 0.076923 0 0 0
0.0976138 0.0920842 -0.0512318 0.076923 0.076923 0 0 0
0.189554 0.131463 -0.0994859 0.076923 0.153846 0 0 0
0.207855 0.131463 -0.0512318 0.038462 0.153846 0 0 0
0.0976138 0.0920842 -0.0512318 0.076923 0.076923 0 0 0
0.207855 0.131463 -0.0512318 0.038462 0.153846 0 0 0
0.107038 0.0920842 -0.0263824 0.038462 0.076923 0 0 0
0.0825164 0.0920842 -0.0731035 0.115385 0.076923 0 0 0
0.160238 0.131463 -0.141958 0.115385 0.153846 0 0 0
0.189554 0.131463 -0.0994859 0.076923 0.153846 0 0 0
0.0825164 0.0920842 -0.0731035 0.115385 0.076923 0 0 0
0.189554 0.131463 -0.0994859 0.076923 0.153846 0 0 0
0.0976138 0.0920842 -0.0512318 0.076923 0.076923 0 0 0
0.0626241 0.0920842 -0.0907266 0.153846 0.076923 0 0 0
0.121609 0.131463 -0.176181 0.153846 0.153846 0 0 0
0.160238 0.131463 -0.141958 0.115385 0.153846 0 0 0
0.0626241 0.0920842 -0.0907266 0.153846 0.076923 0 0 0
0.160238 0.131463 -0.141958 0.115385 0.153846 0 0 0
0.0825164 0.0920842 -0.0731035 0.115385 0.076923 0 0 0
0.039092 0.0920842 -0.103077 0.192308 0.076923 0 0 0
0.0759121 0.131463 -0.200164 0.192308 0.153846 0 0 0
0.121609 0.131463 -0.176181 0.153846 0.153846 0 0 0
0.039092 0.0920842 -0.103077 0.192308 0.076923 0 0 0
0.121609 0.131463 -0.176181 0.153846 0.153846 0 0 0
0.0626241 0.0920842 -0.0907266 0.153846 0.076923 0 0 0
0.0132881 0.0920842 -0.109437 0.230769 0.076923 0 0 0
0.0258039 0.131463 -0.212515 0.230769 0.153846 0 0 0
0.0759121 0.131463 -0.200164 0.192308 0.153846 0 0 0
0.0132881 0.0920842 -0.109437 0.230769 0.076923 0 0 0
0.0759121 0.131463 -0.200164 0.192308 0.153846 0 0 0
0.039092 0.0920842 -0.103077 0.192308 0.076923 0 0 0
-0.0132881 0.0920842 -0.109437 0.269231 0.076923 0 0 0
-0.0258039 0.131463 -0.212515 0.269231 0.153846 0 0 0
0.0258039 0.131463 -0.212515 0.230769 0.153846 0 0 0
-0.0132881 0.0920842 -0.109437 0.269231 0.076923 0 0 0
0.0258039 0.131463 -0.212515 0.230769 0.153846 0 0 0
0.0132881 0.0920842 -0.109437 0.230769 0.076923 0 0 0
-0.039092 0.0920842 -0.103077 0.307692 0.076923 0 0 0
-0.0759121 0.131463 -0.200164 0.307692 0.153846 0 0 0
-0.0258039 0.131463 -0.212515 0.269231 0.153846 0 0 0
-0.039092 0.0920842 -0.103077 0.307692 0.076923 0 0 0
-0.0258039 0.131463 -0.212515 0.269231 0.153846 0 0 0
-0.0132881 0.0920842 -0.109437 0.269231 0.076923 0 0 0
-0.0626241 0.0920842 -0.0907266 0.346154 0.076923 0 0 0
-0.121609 0.131463 -0.176181 0.346154 0.153846 0 0 0
-0.0759121 0.131463 -0.200164 0.307692 0.153846 0 0 0
-0.0626241 0.0920842 -0.0907266 0.346154 0.076923 0 0 0
-0.0759121 0.131463 -0.200164 0.307692 0.153846 0 0 0
-0.039092 0.0920842 -0.103077 0.307692 0.076923 0 0 0
-0.0825164 0.0920842 -0.0731035 0.384615 0.076923 0 0 0
-0.160238 0.131463 -0.141958 0.384615 0.153846 0 0 0
-0.121609 0.131463 -0.176181 0.346154 0.153846 0 0 0
-0.0825164 0.0920842 -0.0731035 0.384615 0.076923 0 0 0
-0.121609 0.131463 -0.176181 0.346154 0.153846 0 0 0
-0.0626241 0.0920842 -0.0907266 0.346154 0.076923 0 0 0
-0.0976138 0.0920842 -0.0512318 0.423077 0.076923 0 0 0
-0.189554 0.131463 -0.0994859 0.423077 0.153846 0 0 0
-0.160238 0.131463 -0.141958 0.384615 0.153846 0 0 0
-0.0976138 0.0920842 -0.0512318 0.423077 0.076923 0 0 0
-0.160238 0.131463 -0.141958 0.384615 0.153846 0 0 0
-0.0825164 0.0920842 -0.0731035 0.384615 0.076923 0 0 0
-0.107038 0.0920842 -0.0263824 0.461538 0.076923 0 0 0
-0.207855 0.131463 -0.0512318 0.461538 0.153846 0 0 0
-0.189554 0.131463 -0.0994859 0.423077 0.153846 0 0 0
-0.107038 0.0920842 -0.0263824 0.461538 0.076923 0 0 0
-0.189554 0.131463 -0.0994859 0.423077 0.153846 0 0 0
-0.0976138 0.0920842 -0.0512318 0.423077 0.076923 0 0 0
-0.110241 0.0920842 9.21302e-009 0.5 0.076923 0 0 0
-0.214075 0.131463 1.8426e-008 0.5 0.153846 0 0 0
-0.207855 0.131463 -0.0512318 0.461538 0.153846 0 0 0
-0.110241 0.0920842 9.21302e-009 0.5 0.076923 0 0 0
-0.207855 0.131463 -0.0512318 0.461538 0.153846 0 0 0
-0.107038 0.0920842 -0.0263824 0.461538 0.076923 0 0 0
-0.107038 0.0920842 0.0263824 0.538462 0.076923 0 0 0
-0.207855 0.131463 0.0512318 0.538462 0.153846 0 0 0
-0.214075 0.131463 1.8426e-008 0.5 0.153846 0 0 0
-0.107038 0.0920842 0.0263824 0.538462 0.076923 0 0 0
-0.214075 0.131463 1.8426e-008 0.5 0.153846 0 0 0
-0.110241 0.0920842 9.21302e-009 0.5 0.076923 0 0 0
-0.0976138 0.0920842 0.0512318 0.576923 0.076923 0 0 0
-0.189554 0.131463 0.0994859 0.576923 0.153846 0 0 0
-0.207855 0.131463 0.0512318 0.538462 0.153846 0 0 0
-0.0976138 0.0920842 0.0512318 0.576923 0.076923 0 0 0
-0.207855 0.131463 0.0512318 0.538462 0.153846 0 0 0
-0.107038 0.0920842 0.0263824 0.538462 0.076923 0 0 0
-0.0825164 0.0920842 0.0731035 0.615385 0.076923 0 0 0
-0.160238 0.131463 0.141958 0.615385 0.153846 0 0 0
-0.189554 0.131463 0.0994859 0.576923 0.153846 0 0 0
-0.0825164 0.0920842 0.0731035 0.615385 0.076923 0 0 0
-0.189554 0.131463 0.0994859 0.576923 0.153846 0 0 0
-0.0976138 0.0920842 0.0512318 0.576923 0.076923 0 0 0
-0.0626241 0.0920842 0.0907266 0.653846 0.076923 0 0 0
-0.121609 0.131463 0.176181 0.653846 0.153846 0 0 0
-0.160238 0.131463 0.141958 0.615385 0.153846 0 0 0
-0.0626241 0.0920842 0.0907266 0.653846 0.076923 0 0 0
-0.160238 0.131463 0.141958 0.615385 0.153846 0 0 0
-0.0825164 0.0920842 0.0731035 0.615385 0.076923 0 0 0
-0.0390921 0.0920842 0.103077 0.692308 0.076923 0 0 0
-0.0759121 0.131463 0.200164 0.692308 0.153846 0 0 0
-0.121609 0.131463 0.176181 0.653846 0.153846 0 0 0
-0.0390921 0.0920842 0.103077 0.692308 0.076923 0 0 0
-0.121609 0.131463 0.176181 0.653846 0.153846 0 0 0
-0.0626241 0.0920842 0.0907266 0.653846 0.076923 0 0 0
-0.0132881 0.0920842 0.109437 0.730769 0.076923 0 0 0
-0.0258039 0.131463 0.212515 0.730769 0.153846 0 0 0
-0.0759121 0.131463 0.200164 0.692308 0.153846 0 0 0
-0.0132881 0.0920842 0.109437 0.730769 0.076923 0 0 0
-0.0759121 0.131463 0.200164 0.692308 0.153846 0 0 0
-0.0390921 0.0920842 0.103077 0.692308 0.076923 0 0 0
0.0132881 0.0920842 0.109437 0.769231 0.076923 0 0 0
0.0258039 0.131463 0.212515 0.769231 0.153846 0 0 0
-0.0258039 0.131463 0.212515 0.730769 0.153846 0 0 0
0.0132881 0.0920842 0.109437 0.769231 0.076923 0 0 0
-0.0258039 0.131463 0.212515 0.730769 0.153846 0 0 0
-0.0132881 0.0920842 0.109437 0.730769 0.076923 0 0 0
0.0390921 0.0920842 0.103077 0.807692 0.076923 0 0 0
0.0759121 0.131463 0.200164 0.807692 0.153846 0 0 0
0.0258039 0.131463 0.212515 0.769231 0.153846 0 0 0
0.0390921 0.0920842 0.103077 0.807692 0.076923 0 0 0
0.0258039 0.131463 0.212515 0.769231 0.153846 0 0 0
0.0132881 0.0920842 0.109437 0.769231 0.076923 0 0 0
0.0626241 0.0920842 0.0907266 0.846154 0.076923 0 0 0
0.121609 0.131463 0.176181 0.846154 0.153846 0 0 0
0.0759121 0.131463 0.200164 0.807692 0.153846 0 0 0
0.0626241 0.0920842 0.0907266 0.846154 0.076923 0 0 0
0.0759121 0.131463 0.200164 0.807692 0.153846 0 0 0
0.0390921 0.0920842 0.103077 0.807692 0.076923 0 0 0
0.0825164 0.0920842 0.0731035 0.884615 0.076923 0 0 0
0.160238 0.131463 0.141958 0.884615 0.153846 0 0 0
0.121609 0.131463 0.176181 0.846154 0.153846 0 0 0
0.0825164 0.0920842 0.0731035 0.884615 0.076923 0 0 0
0.121609 0.131463 0.176181 0.846154 0.153846 0 0 0
0.0626241 0.0920842 0.0907266 0.846154 0.076923 0 0 0
0.0976138 0.0920842 0.0512318 0.923077 0.076923 0 0 0
0.189554 0.131463 0.0994859 0.923077 0.153846 0 0 0
0.160238 0.131463 0.141958 0.884615 0.153846 0 0 0
0.0976138 0.0920842 0.0512318 0.923077 0.076923 0 0 0
0.160238 0.131463 0.141958 0.884615 0.153846 0 0 0
0.0825164 0.0920842 0.0731035 0.884615 0.076923 0 0 0
0.107038 0.0920842 0.0263824 0.961538 0.076923 0 0 0
0.207855 0.131463 0.0512318 0.961538 0.153846 0 0 0
0.189554 0.131463 0.0994859 0.923077 0.153846 0 0 0
0.107038 0.0920842 0.0263824 0.961538 0.076923 0 0 0
0.189554 0.131463 0.0994859 0.923077 0.153846 0 0 0
0.0976138 0.0920842 0.0512318 0.923077 0.076923 0 0 0
0.110241 0.0920842 0 1 0.076923 0 0 0
0.214075 0.131463 0 1 0.153846 0 0 0
0.207855 0.131463 0.0512318 0.961538 0.153846 0 0 0
0.110241 0.0920842 0 1 0.076923 0 0 0
0.207855 0.131463 0.0512318 0.961538 0.153846 0 0 0
0.107038 0.0920842 0.0263824 0.961538 0.076923 0 0 0
0.207855 0.131463 -0.0512318 0.038462 0.153846 0 0 0
0.296592 0.194547 -0.0731035 0.038462 0.230769 0 0 0
0.305468 0.194547 0 0 0.230769 0 0 0
0.207855 0.131463 -0.0512318 0.038462 0.153846 0 0 0
0.305468 0.194547 0 0 0.230769 0 0 0
0.214075 0.131463 0 0 0.153846 0 0 0
0.189554 0.131463 -0.0994859 0.076923 0.153846 0 0 0
0.270479 0.194547 -0.141958 0.076923 0.230769 0 0 0
0.296592 0.194547 -0.0731035 0.038462 0.230769 0 0 0
0.189554 0.131463 -0.0994859 0.076923 0.153846 0 0 0
0.296592 0.194547 -0.0731035 0.038462 0.230769 0 0 0
0.207855 0.131463 -0.0512318 0.038462 0.153846 0 0 0
0.160238 0.131463 -0.141958 0.115385 0.153846 0 0 0
0.228646 0.194547 -0.202563 0.115385 0.230769 0 0 0
0.270479 0.194547 -0.141958 0.076923 0.230769 0 0 0
0.160238 0.131463 -0.141958 0.115385 0.153846 0 0 0
0.270479 0.194547 -0.141958 0.076923 0.230769 0 0 0
0.189554 0.131463 -0.0994859 0.076923 0.153846 0 0 0
0.121609 0.131463 -0.176181 0.153846 0.153846 0 0 0
0.173526 0.194547 -0.251395 0.153846 0.230769 0 0 0
0.228646 0.194547 -0.202563 0.115385 0.230769 0 0 0
0.121609 0.131463 -0.176181 0.153846 0.153846 0 0 0
0.228646 0.194547 -0.202563 0.115385 0.230769 0 0 0
0.160238 0.131463 -0.141958 0.115385 0.153846 0 0 0
0.0759121 0.131463 -0.200164 0.192308 0.153846 0 0 0
0.108321 0.194547 -0.285618 0.192308 0.230769 0 0 0
0.173526 0.194547 -0.251395 0.153846 0.230769 0 0 0
0.0759121 0.131463 -0.200164 0.192308 0.153846 0 0 0
0.173526 0.194547 -0.251395 0.153846 0.230769 0 0 0
0.121609 0.131463 -0.176181 0.153846 0.153846 0 0 0
0.0258039 0.131463 -0.212515 0.230769 0.153846 0 0 0
0.0368201 0.194547 -0.303241 0.230769 0.230769 0 0 0
0.108321 0.194547 -0.285618 0.192308 0.230769 0 0 0
0.0258039 0.131463 -0.212515 0.230769 0.153846 0 0 0
0.108321 0.194547 -0.285618 0.192308 0.230769 0 0 0
0.0759121 0.131463 -0.200164 0.192308 0.153846 0 0 0
-0.0258039 0.131463 -0.212515 0.269231 0.153846 0 0 0
-0.0368201 0.194547 -0.303241 0.269231 0.230769 0 0 0
0.0368201 0.194547 -0.303241 0.230769 0.230769 0 0 0
-0.0258039 0.131463 -0.212515 0.269231 0.153846 0 0 0
0.0368201 0.194547 -0.303241 0.230769 0.230769 0 0 0
0.0258039 0.131463 -0.212515 0.230769 0.153846 0 0 0
-0.0759121 0.131463 -0.200164 0.307692 0.153846 0 0 0
-0.108321 0.194547 -0.285618 0.307692 0.230769 0 0 0
-0.0368201 0.194547 -0.303241 0.269231 0.230769 0 0 0
-0.0759121 0.131463 -0.200164 0.307692 0.153846 0 0 0
-0.0368201 0.194547 -0.303241 0.269231 0.230769 0 0 0
-0.0258039 0.131463 -0.212515 0.269231 0.153846 0 0 0
-0.121609 0.131463 -0.176181 0.346154 0.153846 0 0 0
-0.173526 0.194547 -0.251395 0.346154 0.230769 0 0 0
-0.108321 0.194547 -0.285618 0.307692 0.230769 0 0 0
-0.121609 0.131463 -0.176181 0.346154 0.153846 0 0 0
-0.108321 0.194547 -0.285618 0.307692 0.230769 0 0 0
-0.0759121 0.131463 -0.200164 0.307692 0.153846 0 0 0
-0.160238 0.131463 -0.141958 0.384615 0.153846 0 0 0
-0.228646 0.194547 -0.202563 0.384615 0.230769 0 0 0
-0.173526 0.194547 -0.251395 0.346154 0.230769 0 0 0
-0.160238 0.131463 -0.141958 0.384615 0.153846 0 0 0
-0.173526 0.194547 -0.251395 0.346154 0.230769 0 0 0
-0.121609 0.131463 -0.176181 0.346154 0.153846 0 0 0
-0.189554 0.131463 -0.0994859 0.423077 0.153846 0 0 0
-0.270479 0.194547 -0.141958 0.423077 0.230769 0 0 0
-0.228646 0.194547 -0.202563 0.384615 0.230769 0 0 0
-0.189554 0.131463 -0.0994859 0.423077 0.153846 0 0 0
-0.228646 0.194547 -0.202563 0.384615 0.230769 0 0 0
-0.160238 0.131463 -0.141958 0.384615 0.153846 0 0 0
-0.207855 0.131463 -0.0512318 0.461538 0.153846 0 0 0
-0.296592 0.194547 -0.0731035 0.461538 0.230769 0 0 0
-0.270479 0.194547 -0.141958 0.423077 0.230769 0 0 0
-0.207855 0.131463 -0.0512318 0.461538 0.153846 0 0 0
-0.270479 0.194547 -0.141958 0.423077 0.230769 0 0 0
-0.189554 0.131463 -0.0994859 0.423077 0.153846 0 0 0
-0.214075 0.131463 1.8426e-008 0.5 0.153846 0 0 0
-0.305468 0.194547 2.76391e-008 0.5 0.230769 0 0 0
-0.296592 0.194547 -0.0731035 0.461538 0.230769 0 0 0
-0.214075 0.131463 1.8426e-008 0.5 0.153846 0 0 0
-0.296592 0.194547 -0.0731035 0.461538 0.230769 0 0 0
-0.207855 0.131463 -0.0512318 0.461538 0.153846 0 0 0
-0.207855 0.131463 0.0512318 0.538462 0.153846 0 0 0
-0.296592 0.194547 0.0731035 0.538462 0.230769 0 0 0
-0.305468 0.194547 2.76391e-008 0.5 0.230769 0 0 0
-0.207855 0.131463 0.0512318 0.538462 0.153846 0 0 0
-0.305468 0.194547 2.76391e-008 0.5 0.230769 0 0 0
-0.214075 0.131463 1.8426e-008 0.5 0.153846 0 0 0
-0.189554 0.131463 0.0994859 0.576923 0.153846 0 0 0
-0.270479 0.194547 0.141958 0.576923 0.230769 0 0 0
-0.296592 0.194547 0.0731035 0.538462 0.230769 0 0 0
-0.189554 0.131463 0.0994859 0.576923 0.153846 0 0 0
-0.296592 0.194547 0.0731035 0.538462 0.230769 0 0 0
-0.207855 0.131463 0.0512318 0.538462 0.153846 0 0 0
-0.160238 0.131463 0.141958 0.615385 0.153846 0 0 0
-0.228646 0.194547 0.202563 0.615385 0.230769 0 0 0
-0.270479 0.194547 0.141958 0.576923 0.230769 0 0 0
-0.160238 0.131463 0.141958 0.615385 0.153846 0 0 0
-0.270479 0.194547 0.141958 0.576923 0.230769 0 0 0
-0.189554 0.131463 0.0994859 0.576923 0.153846 0 0 0
-0.121609 0.131463 0.176181 0.653846 0.153846 0 0 0
-0.173526 0.194547 0.251395 0.653846 0.230769 0 0 0
-0.228646 0.194547 0.202563 0.615385 0.230769 0 0 0
-0.121609 0.131463 0.176181 0.653846 0.153846 0 0 0
-0.228646 0.194547 0.202563 0.615385 0.230769 0 0 0
-0.160238 0.131463 0.141958 0.615385 0.153846 0 0 0
-0.0759121 0.131463 0.200164 0.692308 0.153846 0 0 0
-0.108321 0.194547 0.285618 0.692308 0.230769 0 0 0
-0.173526 0.194547 0.251395 0.653846 0.230769 0 0 0
-0.0759121 0.131463 0.200164 0.692308 0.153846 0 0 0
-0.173526 0.194547 0.251395 0.653846 0.230769 0 0 0
-0.121609 0.131463 0.176181 0.653846 0.153846 0 0 0
-0.0258039 0.131463 0.212515 0.730769 0.153846 0 0 0
-0.0368201 0.194547 0.303241 0.730769 0.230769 0 0 0
-0.108321 0.194547 0.285618 0.692308 0.230769 0 0 0
-0.0258039 0.131463 0.212515 0.730769 0.153846 0 0 0
-0.108321 0.194547 0.285618 0.692308 0.230769 0 0 0
-0.0759121 0.131463 0.200164 0.692308 0.153846 0 0 0
0.0258039 0.131463 0.212515 0.769231 0.153846 0 0 0
0.0368201 0.194547 0.303241 0.769231 0.230769 0 0 0
-0.0368201 0.194547 0.303241 0.730769 0.230769 0 0 0
0.0258039 0.131463 0.212515 0.769231 0.153846 0 0 0
-0.0368201 0.194547 0.303241 0.730769 0.230769 0 0 0
-0.0258039 0.131463 0.212515 0.730769 0.153846 0 0 0
0.0759121 0.131463 0.200164 0.807692 0.153846 0 0 0
0.108321 0.194547 0.285618 0.807692 0.230769 0 0 0
0.0368201 0.194547 0.303241 0.769231 0.230769 0 0 0
0.0759121 0.131463 0.200164 0.807692 0.153846 0 0 0
0.0368201 0.194547 0.303241 0.769231 0.230769 0 0 0
0.0258039 0.131463 0.212515 0.769231 0.153846 0 0 0
0.121609 0.131463 0.176181 0.846154 0.153846 0 0 0
0.173525 0.194547 0.251395 0.846154 0.230769 0 0 0
0.108321 0.194547 0.285618 0.807692 0.230769 0 0 0
0.121609 0.131463 0.176181 0.846154 0.153846 0 0 0
0.108321 0.194547 0.285618 0.807692 0.230769 0 0 0
0.0759121 0.131463 0.200164 0.807692 0.153846 0 0 0
0.160238 0.131463 0.141958 0.884615 0.153846 0 0 0
0.228646 0.194547 0.202563 0.884615 0.230769 0 0 0
0.173525 0.194547 0.251395 0.846154 0.230769 0 0 0
0.160238 0.131463 0.141958 0.884615 0.153846 0 0 0
0.173525 0.194547 0.251395 0.846154 0.230769 0 0 0
0.121609 0.131463 0.176181 0.846154 0.153846 0 0 0
0.189554 0.131463 0.0994859 0.923077 0.153846 0 0 0
0.270479 0.194547 0.141958 0.923077 0.230769 0 0 0
0.228646 0.194547 0.202563 0.884615 0.230769 0 0 0
0.189554 0.131463 0.0994859 0.923077 0.153846 0 0 0
0.228646 0.194547 0.202563 0.884615 0.230769 0 0 0
0.160238 0.131463 0.141958 0.884615 0.153846 0 0 0
0.207855 0.131463 0.0512318 0.961538 0.153846 0 0 0
0.296592 0.194547 0.0731035 0.961538 0.230769 0 0 0
0.270479 0.194547 0.141958 0.923077 0.230769 0 0 0
0.207855 0.131463 0.0512318 0.961538 0.153846 0 0 0
0.270479 0.194547 0.141958 0.923077 0.230769 0 0 0
0.189554 0.131463 0.0994859 0.923077 0.153846 0 0 0
0.214075 0.131463 0 1 0.153846 0 0 0
0.305468 0.194547 0 1 0.230769 0 0 0
0.296592 0.194547 0.0731035 0.961538 0.230769 0 0 0
0.214075 0.131463 0 1 0.153846 0 0 0
0.296592 0.194547 0.0731035 0.961538 0.230769 0 0 0
0.207855 0.131463 0.0512318 0.961538 0.153846 0 0 0
0.296592 0.194547 -0.0731035 0.038462 0.230769 0 0 0
0.368092 0.27767 -0.0907266 0.038462 0.307692 0 0 0
0.379109 0.27767 0 0 0.307692 0 0 0
0.296592 0.194547 -0.0731035 0.038462 0.230769 0 0 0
0.379109 0.27767 0 0 0.307692 0 0 0
0.305468 0.194547 0 0 0.230769 0 0 0
0.270479 0.194547 -0.141958 0.076923 0.230769 0 0 0
0.335684 0.27767 -0.176181 0.076923 0.307692 0 0 0
0.368092 0.27767 -0.0907266 0.038462 0.307692 0 0 0
0.270479 0.194547 -0.141958 0.076923 0.230769 0 0 0
0.368092 0.27767 -0.0907266 0.038462 0.307692 0 0 0
0.296592 0.194547 -0.0731035 0.038462 0.230769 0 0 0
0.228646 0.194547 -0.202563 0.115385 0.230769 0 0 0
0.283767 0.27767 -0.251395 0.115385 0.307692 0 0 0
0.335684 0.27767 -0.176181 0.076923 0.307692 0 0 0
0.228646 0.194547 -0.202563 0.115385 0.230769 0 0 0
0.335684 0.27767 -0.176181 0.076923 0.307692 0 0 0
0.270479 0.194547 -0.141958 0.076923 0.230769 0 0 0
0.173526 0.194547 -0.251395 0.153846 0.230769 0 0 0
0.215358 0.27767 -0.312 0.153846 0.307692 0 0 0
0.283767 0.27767 -0.251395 0.115385 0.307692 0 0 0
0.173526 0.194547 -0.251395 0.153846 0.230769 0 0 0
0.283767 0.27767 -0.251395 0.115385 0.307692 0 0 0
0.228646 0.194547 -0.202563 0.115385 0.230769 0 0 0
0.108321 0.194547 -0.285618 0.192308 0.230769 0 0 0
0.134434 0.27767 -0.354472 0.192308 0.307692 0 0 0
0.215358 0.27767 -0.312 0.153846 0.307692 0 0 0
0.108321 0.194547 -0.285618 0.192308 0.230769 0 0 0
0.215358 0.27767 -0.312 0.153846 0.307692 0 0 0
0.173526 0.194547 -0.251395 0.153846 0.230769 0 0 0
0.0368201 0.194547 -0.303241 0.230769 0.230769 0 0 0
0.0456965 0.27767 -0.376344 0.230769 0.307692 0 0 0
0.134434 0.27767 -0.354472 0.192308 0.307692 0 0 0
0.0368201 0.194547 -0.303241 0.230769 0.230769 0 0 0
0.134434 0.27767 -0.354472 0.192308 0.307692 0 0 0
0.108321 0.194547 -0.285618 0.192308 0.230769 0 0 0
-0.0368201 0.194547 -0.303241 0.269231 0.230769 0 0 0
-0.0456965 0.27767 -0.376344 0.269231 0.307692 0 0 0
0.0456965 0.27767 -0.376344 0.230769 0.307692 0 0 0
-0.0368201 0.194547 -0.303241 0.269231 0.230769 0 0 0
0.0456965 0.27767 -0.376344 0.230769 0.307692 0 0 0
0.0368201 0.194547 -0.303241 0.230769 0.230769 0 0 0
-0.108321 0.194547 -0.285618 0.307692 0.230769 0 0 0
-0.134434 0.27767 -0.354472 0.307692 0.307692 0 0 0
-0.0456965 0.27767 -0.376344 0.269231 0.307692 0 0 0
-0.108321 0.194547 -0.285618 0.307692 0.230769 0 0 0
-0.0456965 0.27767 -0.376344 0.269231 0.307692 0 0 0
-0.0368201 0.194547 -0.303241 0.269231 0.230769 0 0 0
-0.173526 0.194547 -0.251395 0.346154 0.230769 0 0 0
-0.215358 0.27767 -0.312 0.346154 0.307692 0 0 0
-0.134434 0.27767 -0.354472 0.307692 0.307692 0 0 0
-0.173526 0.194547 -0.251395 0.346154 0.230769 0 0 0
-0.134434 0.27767 -0.354472 0.307692 0.307692 0 0 0
-0.108321 0.194547 -0.285618 0.307692 0.230769 0 0 0
-0.228646 0.194547 -0.202563 0.384615 0.230769 0 0 0
-0.283767 0.27767 -0.251395 0.384615 0.307692 0 0 0
-0.215358 0.27767 -0.312 0.346154 0.307692 0 0 0
-0.228646 0.194547 -0.202563 0.384615 0.230769 0 0 0
-0.215358 0.27767 -0.312 0.346154 0.307692 0 0 0
-0.173526 0.194547 -0.251395 0.346154 0.230769 0 0 0
-0.270479 0.194547 -0.141958 0.423077 0.230769 0 0 0
-0.335684 0.27767 -0.176181 0.423077 0.307692 0 0 0
-0.283767 0.27767 -0.251395 0.384615 0.307692 0 0 0
-0.270479 0.194547 -0.141958 0.423077 0.230769 0 0 0
-0.283767 0.27767 -0.251395 0.384615 0.307692 0 0 0
-0.228646 0.194547 -0.202563 0.384615 0.230769 0 0 0
-0.296592 0.194547 -0.0731035 0.461538 0.230769 0 0 0
-0.368092 0.27767 -0.0907266 0.461538 0.307692 0 0 0
-0.335684 0.27767 -0.176181 0.423077 0.307692 0 0 0
-0.296592 0.194547 -0.0731035 0.461538 0.230769 0 0 0
-0.335684 0.27767 -0.176181 0.423077 0.307692 0 0 0
-0.270479 0.194547 -0.141958 0.423077 0.230769 0 0 0
-0.305468 0.194547 2.76391e-008 0.5 0.230769 0 0 0
-0.379109 0.27767 3.22456e-008 0.5 0.307692 0 0 0
-0.368092 0.27767 -0.0907266 0.461538 0.307692 0 0 0
-0.305468 0.194547 2.76391e-008 0.5 0.230769 0 0 0
-0.368092 0.27767 -0.0907266 0.461538 0.307692 0 0 0
-0.296592 0.194547 -0.0731035 0.461538 0.230769 0 0 0
-0.296592 0.194547 0.0731035 0.538462 0.230769 0 0 0
-0.368092 0.27767 0.0907266 0.538462 0.307692 0 0 0
-0.379109 0.27767 3.22456e-008 0.5 0.307692 0 0 0
-0.296592 0.194547 0.0731035 0.538462 0.230769 0 0 0
-0.379109 0.27767 3.22456e-008 0.5 0.307692 0 0 0
-0.305468 0.194547 2.76391e-008 0.5 0.230769 0 0 0
-0.270479 0.194547 0.141958 0.576923 0.230769 0 0 0
-0.335684 0.27767 0.176181 0.576923 0.307692 0 0 0
-0.368092 0.27767 0.0907266 0.538462 0.307692 0 0 0
-0.270479 0.194547 0.141958 0.576923 0.230769 0 0 0
-0.368092 0.27767 0.0907266 0.538462 0.307692 0 0 0
-0.296592 0.194547 0.0731035 0.538462 0.230769 0 0 0
-0.228646 0.194547 0.202563 0.615385 0.230769 0 0 0
-0.283767 0.27767 0.251395 0.615385 0.307692 0 0 0
-0.335684 0.27767 0.176181 0.576923 0.307692 0 0 0
-0.228646 0.194547 0.202563 0.615385 0.230769 0 0 0
-0.335684 0.27767 0.176181 0.576923 0.307692 0 0 0
-0.270479 0.194547 0.141958 0.576923 0.230769 0 0 0
-0.173526 0.194547 0.251395 0.653846 0.230769 0 0 0
-0.215358 0.27767 0.312 0.653846 0.307692 0 0 0
-0.283767 0.27767 0.251395 0.615385 0.307692 0 0 0
-0.173526 0.194547 0.251395 0.653846 0.230769 0 0 0
-0.283767 0.27767 0.251395 0.615385 0.307692 0 0 0
-0.228646 0.194547 0.202563 0.615385 0.230769 0 0 0
-0.108321 0.194547 0.285618 0.692308 0.230769 0 0 0
-0.134434 0.27767 0.354472 0.692308 0.307692 0 0 0
-0.215358 0.27767 0.312 0.653846 0.307692 0 0 0
-0.108321 0.194547 0.285618 0.692308 0.230769 0 0 0
-0.215358 0.27767 0.312 0.653846 0.307692 0 0 0
-0.173526 0.194547 0.251395 0.653846 0.230769 0 0 0
-0.0368201 0.194547 0.303241 0.730769 0.230769 0 0 0
-0.0456965 0.27767 0.376344 0.730769 0.307692 0 0 0
-0.134434 0.27767 0.354472 0.692308 0.307692 0 0 0
-0.0368201 0.194547 0.303241 0.730769 0.230769 0 0 0
-0.134434 0.27767 0.354472 0.692308 0.307692 0 0 0
-0.108321 0.194547 0.285618 0.692308 0.230769 0 0 0
0.0368201 0.194547 0.303241 0.769231 0.230769 0 0 0
0.0456965 0.27767 0.376344 0.769231 0.307692 0 0 0
-0.0456965 0.27767 0.376344 0.730769 0.307692 0 0 0
0.0368201 0.194547 0.303241 0.769231 0.230769 0 0 0
-0.0456965 0.27767 0.376344 0.730769 0.307692 0 0 0
-0.0368201 0.194547 0.303241 0.730769 0.230769 0 0 0
0.108321 0.194547 0.285618 0.807692 0.230769 0 0 0
0.134434 0.27767 0.354472 0.807692 0.307692 0 0 0
0.0456965 0.27767 0.376344 0.769231 0.307692 0 0 0
0.108321 0.194547 0.285618 0.807692 0.230769 0 0 0
0.0456965 0.27767 0.376344 0.769231 0.307692 0 0 0
0.0368201 0.194547 0.303241 0.769231 0.230769 0 0 0
0.173525 0.194547 0.251395 0.846154 0.230769 0 0 0
0.215358 0.27767 0.312 0.846154 0.307692 0 0 0
0.134434 0.27767 0.354472 0.807692 0.307692 0 0 0
0.173525 0.194547 0.251395 0.846154 0.230769 0 0 0
0.134434 0.27767 0.354472 0.807692 0.307692 0 0 0
0.108321 0.194547 0.285618 0.807692 0.230769 0 0 0
0.228646 0.194547 0.202563 0.884615 0.230769 0 0 0
0.283767 0.27767 0.251395 0.884615 0.307692 0 0 0
0.215358 0.27767 0.312 0.846154 0.307692 0 0 0
0.228646 0.194547 0.202563 0.884615 0.230769 0 0 0
0.215358 0.27767 0.312 0.846154 0.307692 0 0 0
0.173525 0.194547 0.251395 0.846154 0.230769 0 0 0
0.270479 0.194547 0.141958 0.923077 0.230769 0 0 0
0.335684 0.27767 0.176181 0.923077 0.307692 0 0 0
0.283767 0.27767 0.251395 0.884615 0.307692 0 0 0
0.270479 0.194547 0.141958 0.923077 0.230769 0 0 0
0.283767 0.27767 0.251395 0.884615 0.307692 0 0 0
0.228646 0.194547 0.202563 0.884615 0.230769 0 0 0
0.296592 0.194547 0.0731035 0.961538 0.230769 0 0 0
0.368092 0.27767 0.0907266 0.961538 0.307692 0 0 0
0.335684 0.27767 0.176181 0.923077 0.307692 0 0 0
0.296592 0.194547 0.0731035 0.961538 0.230769 0 0 0
0.335684 0.27767 0.176181 0.923077 0.307692 0 0 0
0.270479 0.194547 0.141958 0.923077 0.230769 0 0 0
0.305468 0.194547 0 1 0.230769 0 0 0
0.379109 0.27767 0 1 0.307692 0 0 0
0.368092 0.27767 0.0907266 0.961538 0.307692 0 0 0
0.305468 0.194547 0 1 0.230769 0 0 0
0.368092 0.27767 0.0907266 0.961538 0.307692 0 0 0
0.296592 0.194547 0.0731035 0.961538 0.230769 0 0 0
0.368092 0.27767 -0.0907266 0.038462 0.307692 0 0 0
0.4182 0.376 -0.103077 0.038462 0.384615 0 0 0
0.430716 0.376 0 0 0.384615 0 0 0
0.368092 0.27767 -0.0907266 0.038462 0.307692 0 0 0
0.430716 0.376 0 0 0.384615 0 0 0
0.379109 0.27767 0 0 0.307692 0 0 0
0.335684 0.27767 -0.176181 0.076923 0.307692 0 0 0
0.38138 0.376 -0.200164 0.076923 0.384615 0 0 0
0.4182 0.376 -0.103077 0.038462 0.384615 0 0 0
0.335684 0.27767 -0.176181 0.076923 0.307692 0 0 0
0.4182 0.376 -0.103077 0.038462 0.384615 0 0 0
0.368092 0.27767 -0.0907266 0.038462 0.307692 0 0 0
0.283767 0.27767 -0.251395 0.115385 0.307692 0 0 0
0.322396 0.376 -0.285618 0.115385 0.384615 0 0 0
0.38138 0.376 -0.200164 0.076923 0.384615 0 0 0
0.283767 0.27767 -0.251395 0.115385 0.307692 0 0 0
0.38138 0.376 -0.200164 0.076923 0.384615 0 0 0
0.335684 0.27767 -0.176181 0.076923 0.307692 0 0 0
0.215358 0.27767 -0.312 0.153846 0.307692 0 0 0
0.244675 0.376 -0.354472 0.153846 0.384615 0 0 0
0.322396 0.376 -0.285618 0.115385 0.384615 0 0 0
0.215358 0.27767 -0.312 0.153846 0.307692 0 0 0
0.322396 0.376 -0.285618 0.115385 0.384615 0 0 0
0.283767 0.27767 -0.251395 0.115385 0.307692 0 0 0
0.134434 0.27767 -0.354472 0.192308 0.307692 0 0 0
0.152734 0.376 -0.402727 0.192308 0.384615 0 0 0
0.244675 0.376 -0.354472 0.153846 0.384615 0 0 0
0.134434 0.27767 -0.354472 0.192308 0.307692 0 0 0
0.244675 0.376 -0.354472 0.153846 0.384615 0 0 0
0.215358 0.27767 -0.312 0.153846 0.307692 0 0 0
0.0456965 0.27767 -0.376344 0.230769 0.307692 0 0 0
0.0519172 0.376 -0.427576 0.230769 0.384615 0 0 0
0.152734 0.376 -0.402727 0.192308 0.384615 0 0 0
0.0456965 0.27767 -0.376344 0.230769 0.307692 0 0 0
0.152734 0.376 -0.402727 0.192308 0.384615 0 0 0
0.134434 0.27767 -0.354472 0.192308 0.307692 0 0 0
-0.0456965 0.27767 -0.376344 0.269231 0.307692 0 0 0
-0.0519172 0.376 -0.427576 0.269231 0.384615 0 0 0
0.0519172 0.376 -0.427576 0.230769 0.384615 0 0 0
-0.0456965 0.27767 -0.376344 0.269231 0.307692 0 0 0
0.0519172 0.376 -0.427576 0.230769 0.384615 0 0 0
0.0456965 0.27767 -0.376344 0.230769 0.307692 0 0 0
-0.134434 0.27767 -0.354472 0.307692 0.307692 0 0 0
-0.152734 0.376 -0.402727 0.307692 0.384615 0 0 0
-0.0519172 0.376 -0.427576 0.269231 0.384615 0 0 0
-0.134434 0.27767 -0.354472 0.307692 0.307692 0 0 0
-0.0519172 0.376 -0.427576 0.269231 0.384615 0 0 0
-0.0456965 0.27767 -0.376344 0.269231 0.307692 0 0 0
-0.215358 0.27767 -0.312 0.346154 0.307692 0 0 0
-0.244675 0.376 -0.354472 0.346154 0.384615 0 0 0
-0.152734 0.376 -0.402727 0.307692 0.384615 0 0 0
-0.215358 0.27767 -0.312 0.346154 0.307692 0 0 0
-0.152734 0.376 -0.402727 0.307692 0.384615 0 0 0
-0.134434 0.27767 -0.354472 0.307692 0.307692 0 0 0
-0.283767 0.27767 -0.251395 0.384615 0.307692 0 0 0
-0.322396 0.376 -0.285618 0.384615 0.384615 0 0 0
-0.244675 0.376 -0.354472 0.346154 0.384615 0 0 0
-0.283767 0.27767 -0.251395 0.384615 0.307692 0 0 0
-0.244675 0.376 -0.354472 0.346154 0.384615 0 0 0
-0.215358 0.27767 -0.312 0.346154 0.307692 0 0 0
-0.335684 0.27767 -0.176181 0.423077 0.307692 0 0 0
-0.38138 0.376 -0.200164 0.423077 0.384615 0 0 0
-0.322396 0.376 -0.285618 0.384615 0.384615 0 0 0
-0.335684 0.27767 -0.176181 0.423077 0.307692 0 0 0
-0.322396 0.376 -0.285618 0.384615 0.384615 0 0 0
-0.283767 0.27767 -0.251395 0.384615 0.307692 0 0 0
-0.368092 0.27767 -0.0907266 0.461538 0.307692 0 0 0
-0.4182 0.376 -0.103077 0.461538 0.384615 0 0 0
-0.38138 0.376 -0.200164 0.423077 0.384615 0 0 0
-0.368092 0.27767 -0.0907266 0.461538 0.307692 0 0 0
-0.38138 0.376 -0.200164 0.423077 0.384615 0 0 0
-0.335684 0.27767 -0.176181 0.423077 0.307692 0 0 0
-0.379109 0.27767 3.22456e-008 0.5 0.307692 0 0 0
-0.430716 0.376 3.68521e-008 0.5 0.384615 0 0 0
-0.4182 0.376 -0.103077 0.461538 0.384615 0 0 0
-0.379109 0.27767 3.22456e-008 0.5 0.307692 0 0 0
-0.4182 0.376 -0.103077 0.461538 0.384615 0 0 0
-0.368092 0.27767 -0.0907266 0.461538 0.307692 0 0 0
-0.368092 0.27767 0.0907266 0.538462 0.307692 0 0 0
-0.4182 0.376 0.103077 0.538462 0.384615 0 0 0
-0.430716 0.376 3.68521e-008 0.5 0.384615 0 0 0
-0.368092 0.27767 0.0907266 0.538462 0.307692 0 0 0
-0.430716 0.376 3.68521e-008 0.5 0.384615 0 0 0
-0.379109 0.27767 3.22456e-008 0.5 0.307692 0 0 0
-0.335684 0.27767 0.176181 0.576923 0.307692 0 0 0
-0.38138 0.376 0.200164 0.576923 0.384615 0 0 0
-0.4182 0.376 0.103077 0.538462 0.384615 0 0 0
-0.335684 0.27767 0.176181 0.576923 0.307692 0 0 0
-0.4182 0.376 0.103077 0.538462 0.384615 0 0 0
-0.368092 0.27767 0.0907266 0.538462 0.307692 0 0 0
-0.283767 0.27767 0.251395 0.615385 0.307692 0 0 0
-0.322396 0.376 0.285618 0.615385 0.384615 0 0 0
-0.38138 0.376 0.200164 0.576923 0.384615 0 0 0
-0.283767 0.27767 0.251395 0.615385 0.307692 0 0 0
-0.38138 0.376 0.200164 0.576923 0.384615 0 0 0
-0.335684 0.27767 0.176181 0.576923 0.307692 0 0 0
-0.215358 0.27767 0.312 0.653846 0.307692 0 0 0
-0.244675 0.376 0.354472 0.653846 0.384615 0 0 0
-0.322396 0.376 0.285618 0.615385 0.384615 0 0 0
-0.215358 0.27767 0.312 0.653846 0.307692 0 0 0
-0.322396 0.376 0.285618 0.615385 0.384615 0 0 0
-0.283767 0.27767 0.251395 0.615385 0.307692 0 0 0
-0.134434 0.27767 0.354472 0.692308 0.307692 0 0 0
-0.152734 0.376 0.402727 0.692308 0.384615 0 0 0
-0.244675 0.376 0.354472 0.653846 0.384615 0 0 0
-0.134434 0.27767 0.354472 0.692308 0.307692 0 0 0
-0.244675 0.376 0.354472 0.653846 0.384615 0 0 0
-0.215358 0.27767 0.312 0.653846 0.307692 0 0 0
-0.0456965 0.27767 0.376344 0.730769 0.307692 0 0 0
-0.0519172 0.376 0.427576 0.730769 0.384615 0 0 0
-0.152734 0.376 0.402727 0.692308 0.384615 0 0 0
-0.0456965 0.27767 0.376344 0.730769 0.307692 0 0 0
-0.152734 0.376 0.402727 0.692308 0.384615 0 0 0
-0.134434 0.27767 0.354472 0.692308 0.307692 0 0 0
0.0456965 0.27767 0.376344 0.769231 0.307692 0 0 0
0.0519172 0.376 0.427576 0.769231 0.384615 0 0 0
-0.0519172 0.376 0.427576 0.730769 0.384615 0 0 0
0.0456965 0.27767 0.376344 0.769231 0.307692 0 0 0
-0.0519172 0.376 0.427576 0.730769 0.384615 0 0 0
-0.0456965 0.27767 0.376344 0.730769 0.307692 0 0 0
0.134434 0.27767 0.354472 0.807692 0.307692 0 0 0
0.152734 0.376 0.402727 0.807692 0.384615 0 0 0
0.0519172 0.376 0.427576 0.769231 0.384615 0 0 0
0.134434 0.27767 0.354472 0.807692 0.307692 0 0 0
0.0519172 0.376 0.427576 0.769231 0.384615 0 0 0
0.0456965 0.27767 0.376344 0.769231 0.307692 0 0 0
0.215358 0.27767 0.312 0.846154 0.307692 0 0 0
0.244675 0.376 0.354472 0.846154 0.384615 0 0 0
0.152734 0.376 0.402727 0.807692 0.384615 0 0 0
0.215358 0.27767 0.312 0.846154 0.307692 0 0 0
0.152734 0.376 0.402727 0.807692 0.384615 0 0 0
0.134434 0.27767 0.354472 0.807692 0.307692 0 0 0
0.283767 0.27767 0.251395 0.884615 0.307692 0 0 0
0.322396 0.376 0.285618 0.884615 0.384615 0 0 0
0.244675 0.376 0.354472 0.846154 0.384615 0 0 0
0.283767 0.27767 0.251395 0.884615 0.307692 0 0 0
0.244675 0.376 0.354472 0.846154 0.384615 0 0 0
0.215358 0.27767 0.312 0.846154 0.307692 0 0 0
0.335684 0.27767 0.176181 0.923077 0.307692 0 0 0
0.38138 0.376 0.200164 0.923077 0.384615 0 0 0
0.322396 0.376 0.285618 0.884615 0.384615 0 0 0
0.335684 0.27767 0.176181 0.923077 0.307692 0 0 0
0.322396 0.376 0.285618 0.884615 0.384615 0 0 0
0.283767 0.27767 0.251395 0.884615 0.307692 0 0 0
0.368092 0.27767 0.0907266 0.961538 0.307692 0 0 0
0.4182 0.376 0.103077 0.961538 0.384615 0 0 0
0.38138 0.376 0.200164 0.923077 0.384615 0 0 0
0.368092 0.27767 0.0907266 0.961538 0.307692 0 0 0
0.38138 0.376 0.200164 0.923077 0.384615 0 0 0
0.335684 0.27767 0.176181 0.923077 0.307692 0 0 0
0.379109 0.27767 0 1 0.307692 0 0 0
0.430716 0.376 0 1 0.384615 0 0 0
0.4182 0.376 0.103077 0.961538 0.384615 0 0 0
0.379109 0.27767 0 1 0.307692 0 0 0
0.4182 0.376 0.103077 0.961538 0.384615 0 0 0
0.368092 0.27767 0.0907266 0.961538 0.307692 0 0 0
0.4182 0.376 -0.103077 0.038462 0.384615 0 0 0
0.444005 0.483822 -0.109437 0.038462 0.461538 0 0 0
0.457293 0.483822 0 0 0.461538 0 0 0
0.4182 0.376 -0.103077 0.038462 0.384615 0 0 0
0.457293 0.483822 0 0 0.461538 0 0 0
0.430716 0.376 0 0 0.384615 0 0 0
0.38138 0.376 -0.200164 0.076923 0.384615 0 0 0
0.404912 0.483822 -0.212515 0.076923 0.461538 0 0 0
0.444005 0.483822 -0.109437 0.038462 0.461538 0 0 0
0.38138 0.376 -0.200164 0.076923 0.384615 0 0 0
0.444005 0.483822 -0.109437 0.038462 0.461538 0 0 0
0.4182 0.376 -0.103077 0.038462 0.384615 0 0 0
0.322396 0.376 -0.285618 0.115385 0.384615 0 0 0
0.342288 0.483822 -0.303241 0.115385 0.461538 0 0 0
0.404912 0.483822 -0.212515 0.076923 0.461538 0 0 0
0.322396 0.376 -0.285618 0.115385 0.384615 0 0 0
0.404912 0.483822 -0.212515 0.076923 0.461538 0 0 0
0.38138 0.376 -0.200164 0.076923 0.384615 0 0 0
0.244675 0.376 -0.354472 0.153846 0.384615 0 0 0
0.259772 0.483822 -0.376344 0.153846 0.461538 0 0 0
0.342288 0.483822 -0.303241 0.115385 0.461538 0 0 0
0.244675 0.376 -0.354472 0.153846 0.384615 0 0 0
0.342288 0.483822 -0.303241 0.115385 0.461538 0 0 0
0.322396 0.376 -0.285618 0.115385 0.384615 0 0 0
0.152734 0.376 -0.402727 0.192308 0.384615 0 0 0
0.162158 0.483822 -0.427576 0.192308 0.461538 0 0 0
0.259772 0.483822 -0.376344 0.153846 0.461538 0 0 0
0.152734 0.376 -0.402727 0.192308 0.384615 0 0 0
0.259772 0.483822 -0.376344 0.153846 0.461538 0 0 0
0.244675 0.376 -0.354472 0.153846 0.384615 0 0 0
0.0519172 0.376 -0.427576 0.230769 0.384615 0 0 0
0.0551206 0.483822 -0.453958 0.230769 0.461538 0 0 0
0.162158 0.483822 -0.427576 0.192308 0.461538 0 0 0
0.0519172 0.376 -0.427576 0.230769 0.384615 0 0 0
0.162158 0.483822 -0.427576 0.192308 0.461538 0 0 0
0.152734 0.376 -0.402727 0.192308 0.384615 0 0 0
-0.0519172 0.376 -0.427576 0.269231 0.384615 0 0 0
-0.0551206 0.483822 -0.453958 0.269231 0.461538 0 0 0
0.0551206 0.483822 -0.453958 0.230769 0.461538 0 0 0
-0.0519172 0.376 -0.427576 0.269231 0.384615 0 0 0
0.0551206 0.483822 -0.453958 0.230769 0.461538 0 0 0
0.0519172 0.376 -0.427576 0.230769 0.384615 0 0 0
-0.152734 0.376 -0.402727 0.307692 0.384615 0 0 0
-0.162158 0.483822 -0.427576 0.307692 0.461538 0 0 0
-0.0551206 0.483822 -0.453958 0.269231 0.461538 0 0 0
-0.152734 0.376 -0.402727 0.307692 0.384615 0 0 0
-0.0551206 0.483822 -0.453958 0.269231 0.461538 0 0 0
-0.0519172 0.376 -0.427576 0.269231 0.384615 0 0 0
-0.244675 0.376 -0.354472 0.346154 0.384615 0 0 0
-0.259772 0.483822 -0.376344 0.346154 0.461538 0 0 0
-0.162158 0.483822 -0.427576 0.307692 0.461538 0 0 0
-0.244675 0.376 -0.354472 0.346154 0.384615 0 0 0
-0.162158 0.483822 -0.427576 0.307692 0.461538 0 0 0
-0.152734 0.376 -0.402727 0.307692 0.384615 0 0 0
-0.322396 0.376 -0.285618 0.384615 0.384615 0 0 0
-0.342288 0.483822 -0.303241 0.384615 0.461538 0 0 0
-0.259772 0.483822 -0.376344 0.346154 0.461538 0 0 0
-0.322396 0.376 -0.285618 0.384615 0.384615 0 0 0
-0.259772 0.483822 -0.376344 0.346154 0.461538 0 0 0
-0.244675 0.376 -0.354472 0.346154 0.384615 0 0 0
-0.38138 0.376 -0.200164 0.423077 0.384615 0 0 0
-0.404912 0.483822 -0.212515 0.423077 0.461538 0 0 0
-0.342288 0.483822 -0.303241 0.384615 0.461538 0 0 0
-0.38138 0.376 -0.200164 0.423077 0.384615 0 0 0
-0.342288 0.483822 -0.303241 0.384615 0.461538 0 0 0
-0.322396 0.376 -0.285618 0.384615 0.384615 0 0 0
-0.4182 0.376 -0.103077 0.461538 0.384615 0 0 0
-0.444005 0.483822 -0.109437 0.461538 0.461538 0 0 0
-0.404912 0.483822 -0.212515 0.423077 0.461538 0 0 0
-0.4182 0.376 -0.103077 0.461538 0.384615 0 0 0
-0.404912 0.483822 -0.212515 0.423077 0.461538 0 0 0
-0.38138 0.376 -0.200164 0.423077 0.384615 0 0 0
-0.430716 0.376 3.68521e-008 0.5 0.384615 0 0 0
-0.457293 0.483822 4.14586e-008 0.5 0.461538 0 0 0
-0.444005 0.483822 -0.109437 0.461538 0.461538 0 0 0
-0.430716 0.376 3.68521e-008 0.5 0.384615 0 0 0
-0.444005 0.483822 -0.109437 0.461538 0.461538 0 0 0
-0.4182 0.376 -0.103077 0.461538 0.384615 0 0 0
-0.4182 0.376 0.103077 0.538462 0.384615 0 0 0
-0.444005 0.483822 0.109437 0.538462 0.461538 0 0 0
-0.457293 0.483822 4.14586e-008 0.5 0.461538 0 0 0
-0.4182 0.376 0.103077 0.538462 0.384615 0 0 0
-0.457293 0.483822 4.14586e-008 0.5 0.461538 0 0 0
-0.430716 0.376 3.68521e-008 0.5 0.384615 0 0 0
-0.38138 0.376 0.200164 0.576923 0.384615 0 0 0
-0.404912 0.483822 0.212515 0.576923 0.461538 0 0 0
-0.444005 0.483822 0.109437 0.538462 0.461538 0 0 0
-0.38138 0.376 0.200164 0.576923 0.384615 0 0 0
-0.444005 0.483822 0.109437 0.538462 0.461538 0 0 0
-0.4182 0.376 0.103077 0.538462 0.384615 0 0 0
-0.322396 0.376 0.285618 0.615385 0.384615 0 0 0
-0.342288 0.483822 0.303241 0.615385 0.461538 0 0 0
-0.404912 0.483822 0.212515 0.576923 0.461538 0 0 0
-0.322396 0.376 0.285618 0.615385 0.384615 0 0 0
-0.404912 0.483822 0.212515 0.576923 0.461538 0 0 0
-0.38138 0.376 0.200164 0.576923 0.384615 0 0 0
-0.244675 0.376 0.354472 0.653846 0.384615 0 0 0
-0.259772 0.483822 0.376344 0.653846 0.461538 0 0 0
-0.342288 0.483822 0.303241 0.615385 0.461538 0 0 0
-0.244675 0.376 0.354472 0.653846 0.384615 0 0 0
-0.342288 0.483822 0.303241 0.615385 0.461538 0 0 0
-0.322396 0.376 0.285618 0.615385 0.384615 0 0 0
-0.152734 0.376 0.402727 0.692308 0.384615 0 0 0
-0.162158 0.483822 0.427576 0.692308 0.461538 0 0 0
-0.259772 0.483822 0.376344 0.653846 0.461538 0 0 0
-0.152734 0.376 0.402727 0.692308 0.384615 0 0 0
-0.259772 0.483822 0.376344 0.653846 0.461538 0 0 0
-0.244675 0.376 0.354472 0.653846 0.384615 0 0 0
-0.0519172 0.376 0.427576 0.730769 0.384615 0 0 0
-0.0551206 0.483822 0.453958 0.730769 0.461538 0 0 0
-0.162158 0.483822 0.427576 0.692308 0.461538 0 0 0
-0.0519172 0.376 0.427576 0.730769 0.384615 0 0 0
-0.162158 0.483822 0.427576 0.692308 0.461538 0 0 0
-0.152734 0.376 0.402727 0.692308 0.384615 0 0 0
0.0519172 0.376 0.427576 0.769231 0.384615 0 0 0
0.0551206 0.483822 0.453958 0.769231 0.461538 0 0 0
-0.0551206 0.483822 0.453958 0.730769 0.461538 0 0 0
0.0519172 0.376 0.427576 0.769231 0.384615 0 0 0
-0.0551206 0.483822 0.453958 0.730769 0.461538 0 0 0
-0.0519172 0.376 0.427576 0.730769 0.384615 0 0 0
0.152734 0.376 0.402727 0.807692 0.384615 0 0 0
0.162158 0.483822 0.427576 0.807692 0.461538 0 0 0
0.0551206 0.483822 0.453958 0.769231 0.461538 0 0 0
0.152734 0.376 0.402727 0.807692 0.384615 0 0 0
0.0551206 0.483822 0.453958 0.769231 0.461538 0 0 0
0.0519172 0.376 0.427576 0.769231 0.384615 0 0 0
0.244675 0.376 0.354472 0.846154 0.384615 0 0 0
0.259772 0.483822 0.376344 0.846154 0.461538 0 0 0
0.162158 0.483822 0.427576 0.807692 0.461538 0 0 0
0.244675 0.376 0.354472 0.846154 0.384615 0 0 0
0.162158 0.483822 0.427576 0.807692 0.461538 0 0 0
0.152734 0.376 0.402727 0.807692 0.384615 0 0 0
0.322396 0.376 0.285618 0.884615 0.384615 0 0 0
0.342288 0.483822 0.303241 0.884615 0.461538 0 0 0
0.259772 0.483822 0.376344 0.846154 0.461538 0 0 0
0.322396 0.376 0.285618 0.884615 0.384615 0 0 0
0.259772 0.483822 0.376344 0.846154 0.461538 0 0 0
0.244675 0.376 0.354472 0.846154 0.384615 0 0 0
0.38138 0.376 0.200164 0.923077 0.384615 0 0 0
0.404912 0.483822 0.212515 0.923077 0.461538 0 0 0
0.342288 0.483822 0.303241 0.884615 0.461538 0 0 0
0.38138 0.376 0.200164 0.923077 0.384615 0 0 0
0.342288 0.483822 0.303241 0.884615 0.461538 0 0 0
0.322396 0.376 0.285618 0.884615 0.384615 0 0 0
0.4182 0.376 0.103077 0.961538 0.384615 0 0 0
0.444005 0.483822 0.109437 0.961538 0.461538 0 0 0
0.404912 0.483822 0.212515 0.923077 0.461538 0 0 0
0.4182 0.376 0.103077 0.961538 0.384615 0 0 0
0.404912 0.483822 0.212515 0.923077 0.461538 0 0 0
0.38138 0.376 0.200164 0.923077 0.384615 0 0 0
0.430716 0.376 0 1 0.384615 0 0 0
0.457293 0.483822 0 1 0.461538 0 0 0
0.444005 0.483822 0.109437 0.961538 0.461538 0 0 0
0.430716 0.376 0 1 0.384615 0 0 0
0.444005 0.483822 0.109437 0.961538 0.461538 0 0 0
0.4182 0.376 0.103077 0.961538 0.384615 0 0 0
0.444005 0.483822 -0.109437 0.038462 0.461538 0 0 0
0.444005 0.594876 -0.109437 0.038462 0.538462 0 0 0
0.457293 0.594876 0 0 0.538462 0 0 0
0.444005 0.483822 -0.109437 0.038462 0.461538 0 0 0
0.457293 0.594876 0 0 0.538462 0 0 0
0.457293 0.483822 0 0 0.461538 0 0 0
0.404912 0.483822 -0.212515 0.076923 0.461538 0 0 0
0.404912 0.594876 -0.212515 0.076923 0.538462 0 0 0
0.444005 0.594876 -0.109437 0.038462 0.538462 0 0 0
0.404912 0.483822 -0.212515 0.076923 0.461538 0 0 0
0.444005 0.594876 -0.109437 0.038462 0.538462 0 0 0
0.444005 0.483822 -0.109437 0.038462 0.461538 0 0 0
0.342288 0.483822 -0.303241 0.115385 0.461538 0 0 0
0.342288 0.594876 -0.303241 0.115385 0.538462 0 0 0
0.404912 0.594876 -0.212515 0.076923 0.538462 0 0 0
0.342288 0.483822 -0.303241 0.115385 0.461538 0 0 0
0.404912 0.594876 -0.212515 0.076923 0.538462 0 0 0
0.404912 0.483822 -0.212515 0.076923 0.461538 0 0 0
0.259772 0.483822 -0.376344 0.153846 0.461538 0 0 0
0.259772 0.594876 -0.376344 0.153846 0.538462 0 0 0
0.342288 0.594876 -0.303241 0.115385 0.538462 0 0 0
0.259772 0.483822 -0.376344 0.153846 0.461538 0 0 0
0.342288 0.594876 -0.303241 0.115385 0.538462 0 0 0
0.342288 0.483822 -0.303241 0.115385 0.461538 0 0 0
0.162158 0.483822 -0.427576 0.192308 0.461538 0 0 0
0.162158 0.594876 -0.427576 0.192308 0.538462 0 0 0
0.259772 0.594876 -0.376344 0.153846 0.538462 0 0 0
0.162158 0.483822 -0.427576 0.192308 0.461538 0 0 0
0.259772 0.594876 -0.376344 0.153846 0.538462 0 0 0
0.259772 0.483822 -0.376344 0.153846 0.461538 0 0 0
0.0551206 0.483822 -0.453958 0.230769 0.461538 0 0 0
0.0551206 0.594876 -0.453958 0.230769 0.538462 0 0 0
0.162158 0.594876 -0.427576 0.192308 0.538462 0 0 0
0.0551206 0.483822 -0.453958 0.230769 0.461538 0 0 0
0.162158 0.594876 -0.427576 0.192308 0.538462 0 0 0
0.162158 0.483822 -0.427576 0.192308 0.461538 0 0 0
-0.0551206 0.483822 -0.453958 0.269231 0.461538 0 0 0
-0.0551206 0.594876 -0.453958 0.269231 0.538462 0 0 0
0.0551206 0.594876 -0.453958 0.230769 0.538462 0 0 0
-0.0551206 0.483822 -0.453958 0.269231 0.461538 0 0 0
0.0551206 0.594876 -0.453958 0.230769 0.538462 0 0 0
0.0551206 0.483822 -0.453958 0.230769 0.461538 0 0 0
-0.162158 0.483822 -0.427576 0.307692 0.461538 0 0 0
-0.162158 0.594876 -0.427576 0.307692 0.538462 0 0 0
-0.0551206 0.594876 -0.453958 0.269231 0.538462 0 0 0
-0.162158 0.483822 -0.427576 0.307692 0.461538 0 0 0
-0.0551206 0.594876 -0.453958 0.269231 0.538462 0 0 0
-0.0551206 0.483822 -0.453958 0.269231 0.461538 0 0 0
-0.259772 0.483822 -0.376344 0.346154 0.461538 0 0 0
-0.259772 0.594876 -0.376344 0.346154 0.538462 0 0 0
-0.162158 0.594876 -0.427576 0.307692 0.538462 0 0 0
-0.259772 0.483822 -0.376344 0.346154 0.461538 0 0 0
-0.162158 0.594876 -0.427576 0.307692 0.538462 0 0 0
-0.162158 0.483822 -0.427576 0.307692 0.461538 0 0 0
-0.342288 0.483822 -0.303241 0.384615 0.461538 0 0 0
-0.342288 0.594876 -0.303241 0.384615 0.538462 0 0 0
-0.259772 0.594876 -0.376344 0.346154 0.538462 0 0 0
-0.342288 0.483822 -0.303241 0.384615 0.461538 0 0 0
-0.259772 0.594876 -0.376344 0.346154 0.538462 0 0 0
-0.259772 0.483822 -0.376344 0.346154 0.461538 0 0 0
-0.404912 0.483822 -0.212515 0.423077 0.461538 0 0 0
-0.404912 0.594876 -0.212515 0.423077 0.538462 0 0 0
-0.342288 0.594876 -0.303241 0.384615 0.538462 0 0 0
-0.404912 0.483822 -0.212515 0.423077 0.461538 0 0 0
-0.342288 0.594876 -0.303241 0.384615 0.538462 0 0 0
-0.342288 0.483822 -0.303241 0.384615 0.461538 0 0 0
-0.444005 0.483822 -0.109437 0.461538 0.461538 0 0 0
-0.444005 0.594876 -0.109437 0.461538 0.538462 0 0 0
-0.404912 0.594876 -0.212515 0.423077 0.538462 0 0 0
-0.444005 0.483822 -0.109437 0.461538 0.461538 0 0 0
-0.404912 0.594876 -0.212515 0.423077 0.538462 0 0 0
-0.404912 0.483822 -0.212515 0.423077 0.461538 0 0 0
-0.457293 0.483822 4.14586e-008 0.5 0.461538 0 0 0
-0.457293 0.594876 4.14586e-008 0.5 0.538462 0 0 0
-0.444005 0.594876 -0.109437 0.461538 0.538462 0 0 0
-0.457293 0.483822 4.14586e-008 0.5 0.461538 0 0 0
-0.444005 0.594876 -0.109437 0.461538 0.538462 0 0 0
-0.444005 0.483822 -0.109437 0.461538 0.461538 0 0 0
-0.444005 0.483822 0.109437 0.538462 0.461538 0 0 0
-0.444005 0.594876 0.109437 0.538462 0.538462 0 0 0
-0.457293 0.594876 4.14586e-008 0.5 0.538462 0 0 0
-0.444005 0.483822 0.109437 0.538462 0.461538 0 0 0
-0.457293 0.594876 4.14586e-008 0.5 0.538462 0 0 0
-0.457293 0.483822 4.14586e-008 0.5 0.461538 0 0 0
-0.404912 0.483822 0.212515 0.576923 0.461538 0 0 0
-0.404912 0.594876 0.212515 0.576923 0.538462 0 0 0
-0.444005 0.594876 0.109437 0.538462 0.538462 0 0 0
-0.404912 0.483822 0.212515 0.576923 0.461538 0 0 0
-0.444005 0.594876 0.109437 0.538462 0.538462 0 0 0
-0.444005 0.483822 0.109437 0.538462 0.461538 0 0 0
-0.342288 0.483822 0.303241 0.615385 0.461538 0 0 0
-0.342288 0.594876 0.303241 0.615385 0.538462 0 0 0
-0.404912 0.594876 0.212515 0.576923 0.538462 0 0 0
-0.342288 0.483822 0.303241 0.615385 0.461538 0 0 0
-0.404912 0.594876 0.212515 0.576923 0.538462 0 0 0
-0.404912 0.483822 0.212515 0.576923 0.461538 0 0 0
-0.259772 0.483822 0.376344 0.653846 0.461538 0 0 0
-0.259772 0.594876 0.376344 0.653846 0.538462 0 0 0
-0.342288 0.594876 0.303241 0.615385 0.538462 0 0 0
-0.259772 0.483822 0.376344 0.653846 0.461538 0 0 0
-0.342288 0.594876 0.303241 0.615385 0.538462 0 0 0
-0.342288 0.483822 0.303241 0.615385 0.461538 0 0 0
-0.162158 0.483822 0.427576 0.692308 0.461538 0 0 0
-0.162158 0.594876 0.427576 0.692308 0.538462 0 0 0
-0.259772 0.594876 0.376344 0.653846 0.538462 0 0 0
-0.162158 0.483822 0.427576 0.692308 0.461538 0 0 0
-0.259772 0.594876 0.376344 0.653846 0.538462 0 0 0
-0.259772 0.483822 0.376344 0.653846 0.461538 0 0 0
-0.0551206 0.483822 0.453958 0.730769 0.461538 0 0 0
-0.0551206 0.594876 0.453958 0.730769 0.538462 0 0 0
-0.162158 0.594876 0.427576 0.692308 0.538462 0 0 0
-0.0551206 0.483822 0.453958 0.730769 0.461538 0 0 0
-0.162158 0.594876 0.427576 0.692308 0.538462 0 0 0
-0.162158 0.483822 0.427576 0.692308 0.461538 0 0 0
0.0551206 0.483822 0.453958 0.769231 0.461538 0 0 0
0.0551206 0.594876 0.453958 0.769231 0.538462 0 0 0
-0.0551206 0.594876 0.453958 0.730769 0.538462 0 0 0
0.0551206 0.483822 0.453958 0.769231 0.461538 0 0 0
-0.0551206 0.594876 0.453958 0.730769 0.538462 0 0 0
-0.0551206 0.483822 0.453958 0.730769 0.461538 0 0 0
0.162158 0.483822 0.427576 0.807692 0.461538 0 0 0
0.162158 0.594876 0.427576 0.807692 0.538462 0 0 0
0.0551206 0.594876 0.453958 0.769231 0.538462 0 0 0
0.162158 0.483822 0.427576 0.807692 0.461538 0 0 0
0.0551206 0.594876 0.453958 0.769231 0.538462 0 0 0
0.0551206 0.483822 0.453958 0.769231 0.461538 0 0 0
0.259772 0.483822 0.376344 0.846154 0.461538 0 0 0
0.259772 0.594876 0.376344 0.846154 0.538462 0 0 0
0.162158 0.594876 0.427576 0.807692 0.538462 0 0 0
0.259772 0.483822 0.376344 0.846154 0.461538 0 0 0
0.162158 0.594876 0.427576 0.807692 0.538462 0 0 0
0.162158 0.483822 0.427576 0.807692 0.461538 0 0 0
0.342288 0.483822 0.303241 0.884615 0.461538 0 0 0
0.342288 0.594876 0.303241 0.884615 0.538462 0 0 0
0.259772 0.594876 0.376344 0.846154 0.538462 0 0 0
0.342288 0.483822 0.303241 0.884615 0.461538 0 0 0
0.259772 0.594876 0.376344 0.846154 0.538462 0 0 0
0.259772 0.483822 0.376344 0.846154 0.461538 0 0 0
0.404912 0.483822 0.212515 0.923077 0.461538 0 0 0
0.404912 0.594876 0.212515 0.923077 0.538462 0 0 0
0.342288 0.594876 0.303241 0.884615 0.538462 0 0 0
0.404912 0.483822 0.212515 0.923077 0.461538 0 0 0
0.342288 0.594876 0.303241 0.884615 0.538462 0 0 0
0.342288 0.483822 0.303241 0.884615 0.461538 0 0 0
0.444005 0.483822 0.109437 0.961538 0.461538 0 0 0
0.444005 0.594876 0.109437 0.961538 0.538462 0 0 0
0.404912 0.594876 0.212515 0.923077 0.538462 0 0 0
0.444005 0.483822 0.109437 0.961538 0.461538 0 0 0
0.404912 0.594876 0.212515 0.923077 0.538462 0 0 0
0.404912 0.483822 0.212515 0.923077 0.461538 0 0 0
0.457293 0.483822 0 1 0.461538 0 0 0
0.457293 0.594876 0 1 0.538462 0 0 0
0.444005 0.594876 0.109437 0.961538 0.538462 0 0 0
0.457293 0.483822 0 1 0.461538 0 0 0
0.444005 0.594876 0.109437 0.961538 0.538462 0 0 0
0.444005 0.483822 0.109437 0.961538 0.461538 0 0 0
0.444005 0.594876 -0.109437 0.038462 0.538462 0 0 0
0.4182 0.7027 -0.103077 0.038462 0.615385 0 0 0
0.430716 0.7027 0 0 0.615385 0 0 0
0.444005 0.594876 -0.109437 0.038462 0.538462 0 0 0
0.430716 0.7027 0 0 0.615385 0 0 0
0.457293 0.594876 0 0 0.538462 0 0 0
0.404912 0.594876 -0.212515 0.076923 0.538462 0 0 0
0.38138 0.7027 -0.200164 0.076923 0.615385 0 0 0
0.4182 0.7027 -0.103077 0.038462 0.615385 0 0 0
0.404912 0.594876 -0.212515 0.076923 0.538462 0 0 0
0.4182 0.7027 -0.103077 0.038462 0.615385 0 0 0
0.444005 0.594876 -0.109437 0.038462 0.538462 0 0 0
0.342288 0.594876 -0.303241 0.115385 0.538462 0 0 0
0.322396 0.7027 -0.285618 0.115385 0.615385 0 0 0
0.38138 0.7027 -0.200164 0.076923 0.615385 0 0 0
0.342288 0.594876 -0.303241 0.115385 0.538462 0 0 0
0.38138 0.7027 -0.200164 0.076923 0.615385 0 0 0
0.404912 0.594876 -0.212515 0.076923 0.538462 0 0 0
0.259772 0.594876 -0.376344 0.153846 0.538462 0 0 0
0.244675 0.7027 -0.354472 0.153846 0.615385 0 0 0
0.322396 0.7027 -0.285618 0.115385 0.615385 0 0 0
0.259772 0.594876 -0.376344 0.153846 0.538462 0 0 0
0.322396 0.7027 -0.285618 0.115385 0.615385 0 0 0
0.342288 0.594876 -0.303241 0.115385 0.538462 0 0 0
0.162158 0.594876 -0.427576 0.192308 0.538462 0 0 0
0.152734 0.7027 -0.402727 0.192308 0.615385 0 0 0
0.244675 0.7027 -0.354472 0.153846 0.615385 0 0 0
0.162158 0.594876 -0.427576 0.192308 0.538462 0 0 0
0.244675 0.7027 -0.354472 0.153846 0.615385 0 0 0
0.259772 0.594876 -0.376344 0.153846 0.538462 0 0 0
0.0551206 0.594876 -0.453958 0.230769 0.538462 0 0 0
0.0519172 0.7027 -0.427576 0.230769 0.615385 0 0 0
0.152734 0.7027 -0.402727 0.192308 0.615385 0 0 0
0.0551206 0.594876 -0.453958 0.230769 0.538462 0 0 0
0.152734 0.7027 -0.402727 0.192308 0.615385 0 0 0
0.162158 0.594876 -0.427576 0.192308 0.538462 0 0 0
-0.0551206 0.594876 -0.453958 0.269231 0.538462 0 0 0
-0.0519172 0.7027 -0.427576 0.269231 0.615385 0 0 0
0.0519172 0.7027 -0.427576 0.230769 0.615385 0 0 0
-0.0551206 0.594876 -0.453958 0.269231 0.538462 0 0 0
0.0519172 0.7027 -0.427576 0.230769 0.615385 0 0 0
0.0551206 0.594876 -0.453958 0.230769 0.538462 0 0 0
-0.162158 0.594876 -0.427576 0.307692 0.538462 0 0 0
-0.152734 0.7027 -0.402727 0.307692 0.615385 0 0 0
-0.0519172 0.7027 -0.427576 0.269231 0.615385 0 0 0
-0.162158 0.594876 -0.427576 0.307692 0.538462 0 0 0
-0.0519172 0.7027 -0.427576 0.269231 0.615385 0 0 0
-0.0551206 0.594876 -0.453958 0.269231 0.538462 0 0 0
-0.259772 0.594876 -0.376344 0.346154 0.538462 0 0 0
-0.244675 0.7027 -0.354472 0.346154 0.615385 0 0 0
-0.152734 0.7027 -0.402727 0.307692 0.615385 0 0 0
-0.259772 0.594876 -0.376344 0.346154 0.538462 0 0 0
-0.152734 0.7027 -0.402727 0.307692 0.615385 0 0 0
-0.162158 0.594876 -0.427576 0.307692 0.538462 0 0 0
-0.342288 0.594876 -0.303241 0.384615 0.538462 0 0 0
-0.322396 0.7027 -0.285618 0.384615 0.615385 0 0 0
-0.244675 0.7027 -0.354472 0.346154 0.615385 0 0 0
-0.342288 0.594876 -0.303241 0.384615 0.538462 0 0 0
-0.244675 0.7027 -0.354472 0.346154 0.615385 0 0 0
-0.259772 0.594876 -0.376344 0.346154 0.538462 0 0 0
-0.404912 0.594876 -0.212515 0.423077 0.538462 0 0 0
-0.38138 0.7027 -0.200164 0.423077 0.615385 0 0 0
-0.322396 0.7027 -0.285618 0.384615 0.615385 0 0 0
-0.404912 0.594876 -0.212515 0.423077 0.538462 0 0 0
-0.322396 0.7027 -0.285618 0.384615 0.615385 0 0 0
-0.342288 0.594876 -0.303241 0.384615 0.538462 0 0 0
-0.444005 0.594876 -0.109437 0.461538 0.538462 0 0 0
-0.4182 0.7027 -0.103077 0.461538 0.615385 0 0 0
-0.38138 0.7027 -0.200164 0.423077 0.615385 0 0 0
-0.444005 0.594876 -0.109437 0.461538 0.538462 0 0 0
-0.38138 0.7027 -0.200164 0.423077 0.615385 0 0 0
-0.404912 0.594876 -0.212515 0.423077 0.538462 0 0 0
-0.457293 0.594876 4.14586e-008 0.5 0.538462 0 0 0
-0.430716 0.7027 3.68521e-008 0.5 0.615385 0 0 0
-0.4182 0.7027 -0.103077 0.461538 0.615385 0 0 0
-0.457293 0.594876 4.14586e-008 0.5 0.538462 0 0 0
-0.4182 0.7027 -0.103077 0.461538 0.615385 0 0 0
-0.444005 0.594876 -0.109437 0.461538 0.538462 0 0 0
-0.444005 0.594876 0.109437 0.538462 0.538462 0 0 0
-0.4182 0.7027 0.103077 0.538462 0.615385 0 0 0
-0.430716 0.7027 3.68521e-008 0.5 0.615385 0 0 0
-0.444005 0.594876 0.109437 0.538462 0.538462 0 0 0
-0.430716 0.7027 3.68521e-008 0.5 0.615385 0 0 0
-0.457293 0.594876 4.14586e-008 0.5 0.538462 0 0 0
-0.404912 0.594876 0.212515 0.576923 0.538462 0 0 0
-0.38138 0.7027 0.200164 0.576923 0.615385 0 0 0
-0.4182 0.7027 0.103077 0.538462 0.615385 0 0 0
-0.404912 0.594876 0.212515 0.576923 0.538462 0 0 0
-0.4182 0.7027 0.103077 0.538462 0.615385 0 0 0
-0.444005 0.594876 0.109437 0.538462 0.538462 0 0 0
-0.342288 0.594876 0.303241 0.615385 0.538462 0 0 0
-0.322396 0.7027 0.285618 0.615385 0.615385 0 0 0
-0.38138 0.7027 0.200164 0.576923 0.615385 0 0 0
-0.342288 0.594876 0.303241 0.615385 0.538462 0 0 0
-0.38138 0.7027 0.200164 0.576923 0.615385 0 0 0
-0.404912 0.594876 0.212515 0.576923 0.538462 0 0 0
-0.259772 0.594876 0.376344 0.653846 0.538462 0 0 0
-0.244675 0.7027 0.354472 0.653846 0.615385 0 0 0
-0.322396 0.7027 0.285618 0.615385 0.615385 0 0 0
-0.259772 0.594876 0.376344 0.653846 0.538462 0 0 0
-0.322396 0.7027 0.285618 0.615385 0.615385 0 0 0
-0.342288 0.594876 0.303241 0.615385 0.538462 0 0 0
-0.162158 0.594876 0.427576 0.692308 0.538462 0 0 0
-0.152734 0.7027 0.402727 0.692308 0.615385 0 0 0
-0.244675 0.7027 0.354472 0.653846 0.615385 0 0 0
-0.162158 0.594876 0.427576 0.692308 0.538462 0 0 0
-0.244675 0.7027 0.354472 0.653846 0.615385 0 0 0
-0.259772 0.594876 0.376344 0.653846 0.538462 0 0 0
-0.0551206 0.594876 0.453958 0.730769 0.538462 0 0 0
-0.0519172 0.7027 0.427576 0.730769 0.615385 0 0 0
-0.152734 0.7027 0.402727 0.692308 0.615385 0 0 0
-0.0551206 0.594876 0.453958 0.730769 0.538462 0 0 0
-0.152734 0.7027 0.402727 0.692308 0.615385 0 0 0
-0.162158 0.594876 0.427576 0.692308 0.538462 0 0 0
0.0551206 0.594876 0.453958 0.769231 0.538462 0 0 0
0.0519172 0.7027 0.427576 0.769231 0.615385 0 0 0
-0.0519172 0.7027 0.427576 0.730769 0.615385 0 0 0
0.0551206 0.594876 0.453958 0.769231 0.538462 0 0 0
-0.0519172 0.7027 0.427576 0.730769 0.615385 0 0 0
-0.0551206 0.594876 0.453958 0.730769 0.538462 0 0 0
0.162158 0.594876 0.427576 0.807692 0.538462 0 0 0
0.152734 0.7027 0.402727 0.807692 0.615385 0 0 0
0.0519172 0.7027 0.427576 0.769231 0.615385 0 0 0
0.162158 0.594876 0.427576 0.807692 0.538462 0 0 0
0.0519172 0.7027 0.427576 0.769231 0.615385 0 0 0
0.0551206 0.594876 0.453958 0.769231 0.538462 0 0 0
0.259772 0.594876 0.376344 0.846154 0.538462 0 0 0
0.244675 0.7027 0.354472 0.846154 0.615385 0 0 0
0.152734 0.7027 0.402727 0.807692 0.615385 0 0 0
0.259772 0.594876 0.376344 0.846154 0.538462 0 0 0
0.152734 0.7027 0.402727 0.807692 0.615385 0 0 0
0.162158 0.594876 0.427576 0.807692 0.538462 0 0 0
0.342288 0.594876 0.303241 0.884615 0.538462 0 0 0
0.322396 0.7027 0.285618 0.884615 0.615385 0 0 0
0.244675 0.7027 0.354472 0.846154 0.615385 0 0 0
0.342288 0.594876 0.303241 0.884615 0.538462 0 0 0
0.244675 0.7027 0.354472 0.846154 0.615385 0 0 0
0.259772 0.594876 0.376344 0.846154 0.538462 0 0 0
0.404912 0.594876 0.212515 0.923077 0.538462 0 0 0
0.38138 0.7027 0.200164 0.923077 0.615385 0 0 0
0.322396 0.7027 0.285618 0.884615 0.615385 0 0 0
0.404912 0.594876 0.212515 0.923077 0.538462 0 0 0
0.322396 0.7027 0.285618 0.884615 0.615385 0 0 0
0.342288 0.594876 0.303241 0.884615 0.538462 0 0 0
0.444005 0.594876 0.109437 0.961538 0.538462 0 0 0
0.4182 0.7027 0.103077 0.961538 0.615385 0 0 0
0.38138 0.7027 0.200164 0.923077 0.615385 0 0 0
0.444005 0.594876 0.109437 0.961538 0.538462 0 0 0
0.38138 0.7027 0.200164 0.923077 0.615385 0 0 0
0.404912 0.594876 0.212515 0.923077 0.538462 0 0 0
0.457293 0.594876 0 1 0.538462 0 0 0
0.430716 0.7027 0 1 0.615385 0 0 0
0.4182 0.7027 0.103077 0.961538 0.615385 0 0 0
0.457293 0.594876 0 1 0.538462 0 0 0
0.4182 0.7027 0.103077 0.961538 0.615385 0 0 0
0.444005 0.594876 0.109437 0.961538 0.538462 0 0 0
0.4182 0.7027 -0.103077 0.038462 0.615385 0 0 0
0.368092 0.801031 -0.0907266 0.038462 0.692308 0 0 0
0.379109 0.801031 0 0 0.692308 0 0 0
0.4182 0.7027 -0.103077 0.038462 0.615385 0 0 0
0.379109 0.801031 0 0 0.692308 0 0 0
0.430716 0.7027 0 0 0.615385 0 0 0
0.38138 0.7027 -0.200164 0.076923 0.615385 0 0 0
0.335684 0.801031 -0.176181 0.076923 0.692308 0 0 0
0.368092 0.801031 -0.0907266 0.038462 0.692308 0 0 0
0.38138 0.7027 -0.200164 0.076923 0.615385 0 0 0
0.368092 0.801031 -0.0907266 0.038462 0.692308 0 0 0
0.4182 0.7027 -0.103077 0.038462 0.615385 0 0 0
0.322396 0.7027 -0.285618 0.115385 0.615385 0 0 0
0.283767 0.801031 -0.251395 0.115385 0.692308 0 0 0
0.335684 0.801031 -0.176181 0.076923 0.692308 0 0 0
0.322396 0.7027 -0.285618 0.115385 0.615385 0 0 0
0.335684 0.801031 -0.176181 0.076923 0.692308 0 0 0
0.38138 0.7027 -0.200164 0.076923 0.615385 0 0 0
0.244675 0.7027 -0.354472 0.153846 0.615385 0 0 0
0.215358 0.801031 -0.312 0.153846 0.692308 0 0 0
0.283767 0.801031 -0.251395 0.115385 0.692308 0 0 0
0.244675 0.7027 -0.354472 0.153846 0.615385 0 0 0
0.283767 0.801031 -0.251395 0.115385 0.692308 0 0 0
0.322396 0.7027 -0.285618 0.115385 0.615385 0 0 0
0.152734 0.7027 -0.402727 0.192308 0.615385 0 0 0
0.134434 0.801031 -0.354472 0.192308 0.692308 0 0 0
0.215358 0.801031 -0.312 0.153846 0.692308 0 0 0
0.152734 0.7027 -0.402727 0.192308 0.615385 0 0 0
0.215358 0.801031 -0.312 0.153846 0.692308 0 0 0
0.244675 0.7027 -0.354472 0.153846 0.615385 0 0 0
0.0519172 0.7027 -0.427576 0.230769 0.615385 0 0 0
0.0456965 0.801031 -0.376344 0.230769 0.692308 0 0 0
0.134434 0.801031 -0.354472 0.192308 0.692308 0 0 0
0.0519172 0.7027 -0.427576 0.230769 0.615385 0 0 0
0.134434 0.801031 -0.354472 0.192308 0.692308 0 0 0
0.152734 0.7027 -0.402727 0.192308 0.615385 0 0 0
-0.0519172 0.7027 -0.427576 0.269231 0.615385 0 0 0
-0.0456965 0.801031 -0.376344 0.269231 0.692308 0 0 0
0.0456965 0.801031 -0.376344 0.230769 0.692308 0 0 0
-0.0519172 0.7027 -0.427576 0.269231 0.615385 0 0 0
0.0456965 0.801031 -0.376344 0.230769 0.692308 0 0 0
0.0519172 0.7027 -0.427576 0.230769 0.615385 0 0 0
-0.152734 0.7027 -0.402727 0.307692 0.615385 0 0 0
-0.134434 0.801031 -0.354472 0.307692 0.692308 0 0 0
-0.0456965 0.801031 -0.376344 0.269231 0.692308 0 0 0
-0.152734 0.7027 -0.402727 0.307692 0.615385 0 0 0
-0.0456965 0.801031 -0.376344 0.269231 0.692308 0 0 0
-0.0519172 0.7027 -0.427576 0.269231 0.615385 0 0 0
-0.244675 0.7027 -0.354472 0.346154 0.615385 0 0 0
-0.215358 0.801031 -0.312 0.346154 0.692308 0 0 0
-0.134434 0.801031 -0.354472 0.307692 0.692308 0 0 0
-0.244675 0.7027 -0.354472 0.346154 0.615385 0 0 0
-0.134434 0.801031 -0.354472 0.307692 0.692308 0 0 0
-0.152734 0.7027 -0.402727 0.307692 0.615385 0 0 0
-0.322396 0.7027 -0.285618 0.384615 0.615385 0 0 0
-0.283767 0.801031 -0.251395 0.384615 0.692308 0 0 0
-0.215358 0.801031 -0.312 0.346154 0.692308 0 0 0
-0.322396 0.7027 -0.285618 0.384615 0.615385 0 0 0
-0.215358 0.801031 -0.312 0.346154 0.692308 0 0 0
-0.244675 0.7027 -0.354472 0.346154 0.615385 0 0 0
-0.38138 0.7027 -0.200164 0.423077 0.615385 0 0 0
-0.335684 0.801031 -0.176181 0.423077 0.692308 0 0 0
-0.283767 0.801031 -0.251395 0.384615 0.692308 0 0 0
-0.38138 0.7027 -0.200164 0.423077 0.615385 0 0 0
-0.283767 0.801031 -0.251395 0.384615 0.692308 0 0 0
-0.322396 0.7027 -0.285618 0.384615 0.615385 0 0 0
-0.4182 0.7027 -0.103077 0.461538 0.615385 0 0 0
-0.368092 0.801031 -0.0907266 0.461538 0.692308 0 0 0
-0.335684 0.801031 -0.176181 0.423077 0.692308 0 0 0
-0.4182 0.7027 -0.103077 0.461538 0.615385 0 0 0
-0.335684 0.801031 -0.176181 0.423077 0.692308 0 0 0
-0.38138 0.7027 -0.200164 0.423077 0.615385 0 0 0
-0.430716 0.7027 3.68521e-008 0.5 0.615385 0 0 0
-0.379109 0.801031 3.22456e-008 0.5 0.692308 0 0 0
-0.368092 0.801031 -0.0907266 0.461538 0.692308 0 0 0
-0.430716 0.7027 3.68521e-008 0.5 0.615385 0 0 0
-0.368092 0.801031 -0.0907266 0.461538 0.692308 0 0 0
-0.4182 0.7027 -0.103077 0.461538 0.615385 0 0 0
-0.4182 0.7027 0.103077 0.538462 0.615385 0 0 0
-0.368092 0.801031 0.0907266 0.538462 0.692308 0 0 0
-0.379109 0.801031 3.22456e-008 0.5 0.692308 0 0 0
-0.4182 0.7027 0.103077 0.538462 0.615385 0 0 0
-0.379109 0.801031 3.22456e-008 0.5 0.692308 0 0 0
-0.430716 0.7027 3.68521e-008 0.5 0.615385 0 0 0
-0.38138 0.7027 0.200164 0.576923 0.615385 0 0 0
-0.335684 0.801031 0.176181 0.576923 0.692308 0 0 0
-0.368092 0.801031 0.0907266 0.538462 0.692308 0 0 0
-0.38138 0.7027 0.200164 0.576923 0.615385 0 0 0
-0.368092 0.801031 0.0907266 0.538462 0.692308 0 0 0
-0.4182 0.7027 0.103077 0.538462 0.615385 0 0 0
-0.322396 0.7027 0.285618 0.615385 0.615385 0 0 0
-0.283767 0.801031 0.251395 0.615385 0.692308 0 0 0
-0.335684 0.801031 0.176181 0.576923 0.692308 0 0 0
-0.322396 0.7027 0.285618 0.615385 0.615385 0 0 0
-0.335684 0.801031 0.176181 0.576923 0.692308 0 0 0
-0.38138 0.7027 0.200164 0.576923 0.615385 0 0 0
-0.244675 0.7027 0.354472 0.653846 0.615385 0 0 0
-0.215358 0.801031 0.312 0.653846 0.692308 0 0 0
-0.283767 0.801031 0.251395 0.615385 0.692308 0 0 0
-0.244675 0.7027 0.354472 0.653846 0.615385 0 0 0
-0.283767 0.801031 0.251395 0.615385 0.692308 0 0 0
-0.322396 0.7027 0.285618 0.615385 0.615385 0 0 0
-0.152734 0.7027 0.402727 0.692308 0.615385 0 0 0
-0.134434 0.801031 0.354472 0.692308 0.692308 0 0 0
-0.215358 0.801031 0.312 0.653846 0.692308 0 0 0
-0.152734 0.7027 0.402727 0.692308 0.615385 0 0 0
-0.215358 0.801031 0.312 0.653846 0.692308 0 0 0
-0.244675 0.7027 0.354472 0.653846 0.615385 0 0 0
-0.0519172 0.7027 0.427576 0.730769 0.615385 0 0 0
-0.0456965 0.801031 0.376344 0.730769 0.692308 0 0 0
-0.134434 0.801031 0.354472 0.692308 0.692308 0 0 0
-0.0519172 0.7027 0.427576 0.730769 0.615385 0 0 0
-0.134434 0.801031 0.354472 0.692308 0.692308 0 0 0
-0.152734 0.7027 0.402727 0.692308 0.615385 0 0 0
0.0519172 0.7027 0.427576 0.769231 0.615385 0 0 0
0.0456965 0.801031 0.376344 0.769231 0.692308 0 0 0
-0.0456965 0.801031 0.376344 0.730769 0.692308 0 0 0
0.0519172 0.7027 0.427576 0.769231 0.615385 0 0 0
-0.0456965 0.801031 0.376344 0.730769 0.692308 0 0 0
-0.0519172 0.7027 0.427576 0.730769 0.615385 0 0 0
0.152734 0.7027 0.402727 0.807692 0.615385 0 0 0
0.134434 0.801031 0.354472 0.807692 0.692308 0 0 0
0.0456965 0.801031 0.376344 0.769231 0.692308 0 0 0
0.152734 0.7027 0.402727 0.807692 0.615385 0 0 0
0.0456965 0.801031 0.376344 0.769231 0.692308 0 0 0
0.0519172 0.7027 0.427576 0.769231 0.615385 0 0 0
0.244675 0.7027 0.354472 0.846154 0.615385 0 0 0
0.215358 0.801031 0.312 0.846154 0.692308 0 0 0
0.134434 0.801031 0.354472 0.807692 0.692308 0 0 0
0.244675 0.7027 0.354472 0.846154 0.615385 0 0 0
0.134434 0.801031 0.354472 0.807692 0.692308 0 0 0
0.152734 0.7027 0.402727 0.807692 0.615385 0 0 0
0.322396 0.7027 0.285618 0.884615 0.615385 0 0 0
0.283767 0.801031 0.251395 0.884615 0.692308 0 0 0
0.215358 0.801031 0.312 0.846154 0.692308 0 0 0
0.322396 0.7027 0.285618 0.884615 0.615385 0 0 0
0.215358 0.801031 0.312 0.846154 0.692308 0 0 0
0.244675 0.7027 0.354472 0.846154 0.615385 0 0 0
0.38138 0.7027 0.200164 0.923077 0.615385 0 0 0
0.335684 0.801031 0.176181 0.923077 0.692308 0 0 0
0.283767 0.801031 0.251395 0.884615 0.692308 0 0 0
0.38138 0.7027 0.200164 0.923077 0.615385 0 0 0
0.283767 0.801031 0.251395 0.884615 0.692308 0 0 0
0.322396 0.7027 0.285618 0.884615 0.615385 0 0 0
0.4182 0.7027 0.103077 0.961538 0.615385 0 0 0
0.368092 0.801031 0.0907266 0.961538 0.692308 0 0 0
0.335684 0.801031 0.176181 0.923077 0.692308 0 0 0
0.4182 0.7027 0.103077 0.961538 0.615385 0 0 0
0.335684 0.801031 0.176181 0.923077 0.692308 0 0 0
0.38138 0.7027 0.200164 0.923077 0.615385 0 0 0
0.430716 0.7027 0 1 0.615385 0 0 0
0.379109 0.801031 0 1 0.692308 0 0 0
0.368092 0.801031 0.0907266 0.961538 0.692308 0 0 0
0.430716 0.7027 0 1 0.615385 0 0 0
0.368092 0.801031 0.0907266 0.961538 0.692308 0 0 0
0.4182 0.7027 0.103077 0.961538 0.615385 0 0 0
0.368092 0.801031 -0.0907266 0.038462 0.692308 0 0 0
0.296592 0.884151 -0.0731035 0.038462 0.769231 0 0 0
0.305468 0.884151 0 0 0.769231 0 0 0
0.368092 0.801031 -0.0907266 0.038462 0.692308 0 0 0
0.305468 0.884151 0 0 0.769231 0 0 0
0.379109 0.801031 0 0 0.692308 0 0 0
0.335684 0.801031 -0.176181 0.076923 0.692308 0 0 0
0.270479 0.884151 -0.141958 0.076923 0.769231 0 0 0
0.296592 0.884151 -0.0731035 0.038462 0.769231 0 0 0
0.335684 0.801031 -0.176181 0.076923 0.692308 0 0 0
0.296592 0.884151 -0.0731035 0.038462 0.769231 0 0 0
0.368092 0.801031 -0.0907266 0.038462 0.692308 0 0 0
0.283767 0.801031 -0.251395 0.115385 0.692308 0 0 0
0.228646 0.884151 -0.202563 0.115385 0.769231 0 0 0
0.270479 0.884151 -0.141958 0.076923 0.769231 0 0 0
0.283767 0.801031 -0.251395 0.115385 0.692308 0 0 0
0.270479 0.884151 -0.141958 0.076923 0.769231 0 0 0
0.335684 0.801031 -0.176181 0.076923 0.692308 0 0 0
0.215358 0.801031 -0.312 0.153846 0.692308 0 0 0
0.173526 0.884151 -0.251395 0.153846 0.769231 0 0 0
0.228646 0.884151 -0.202563 0.115385 0.769231 0 0 0
0.215358 0.801031 -0.312 0.153846 0.692308 0 0 0
0.228646 0.884151 -0.202563 0.115385 0.769231 0 0 0
0.283767 0.801031 -0.251395 0.115385 0.692308 0 0 0
0.134434 0.801031 -0.354472 0.192308 0.692308 0 0 0
0.108321 0.884151 -0.285618 0.192308 0.769231 0 0 0
0.173526 0.884151 -0.251395 0.153846 0.769231 0 0 0
0.134434 0.801031 -0.354472 0.192308 0.692308 0 0 0
0.173526 0.884151 -0.251395 0.153846 0.769231 0 0 0
0.215358 0.801031 -0.312 0.153846 0.692308 0 0 0
0.0456965 0.801031 -0.376344 0.230769 0.692308 0 0 0
0.0368201 0.884151 -0.303241 0.230769 0.769231 0 0 0
0.108321 0.884151 -0.285618 0.192308 0.769231 0 0 0
0.0456965 0.801031 -0.376344 0.230769 0.692308 0 0 0
0.108321 0.884151 -0.285618 0.192308 0.769231 0 0 0
0.134434 0.801031 -0.354472 0.192308 0.692308 0 0 0
-0.0456965 0.801031 -0.376344 0.269231 0.692308 0 0 0
-0.0368201 0.884151 -0.303241 0.269231 0.769231 0 0 0
0.0368201 0.884151 -0.303241 0.230769 0.769231 0 0 0
-0.0456965 0.801031 -0.376344 0.269231 0.692308 0 0 0
0.0368201 0.884151 -0.303241 0.230769 0.769231 0 0 0
0.0456965 0.801031 -0.376344 0.230769 0.692308 0 0 0
-0.134434 0.801031 -0.354472 0.307692 0.692308 0 0 0
-0.108321 0.884151 -0.285618 0.307692 0.769231 0 0 0
-0.0368201 0.884151 -0.303241 0.269231 0.769231 0 0 0
-0.134434 0.801031 -0.354472 0.307692 0.692308 0 0 0
-0.0368201 0.884151 -0.303241 0.269231 0.769231 0 0 0
-0.0456965 0.801031 -0.376344 0.269231 0.692308 0 0 0
-0.215358 0.801031 -0.312 0.346154 0.692308 0 0 0
-0.173526 0.884151 -0.251395 0.346154 0.769231 0 0 0
-0.108321 0.884151 -0.285618 0.307692 0.769231 0 0 0
-0.215358 0.801031 -0.312 0.346154 0.692308 0 0 0
-0.108321 0.884151 -0.285618 0.307692 0.769231 0 0 0
-0.134434 0.801031 -0.354472 0.307692 0.692308 0 0 0
-0.283767 0.801031 -0.251395 0.384615 0.692308 0 0 0
-0.228646 0.884151 -0.202563 0.384615 0.769231 0 0 0
-0.173526 0.884151 -0.251395 0.346154 0.769231 0 0 0
-0.283767 0.801031 -0.251395 0.384615 0.692308 0 0 0
-0.173526 0.884151 -0.251395 0.346154 0.769231 0 0 0
-0.215358 0.801031 -0.312 0.346154 0.692308 0 0 0
-0.335684 0.801031 -0.176181 0.423077 0.692308 0 0 0
-0.270479 0.884151 -0.141958 0.423077 0.769231 0 0 0
-0.228646 0.884151 -0.202563 0.384615 0.769231 0 0 0
-0.335684 0.801031 -0.176181 0.423077 0.692308 0 0 0
-0.228646 0.884151 -0.202563 0.384615 0.769231 0 0 0
-0.283767 0.801031 -0.251395 0.384615 0.692308 0 0 0
-0.368092 0.801031 -0.0907266 0.461538 0.692308 0 0 0
-0.296592 0.884151 -0.0731035 0.461538 0.769231 0 0 0
-0.270479 0.884151 -0.141958 0.423077 0.769231 0 0 0
-0.368092 0.801031 -0.0907266 0.461538 0.692308 0 0 0
-0.270479 0.884151 -0.141958 0.423077 0.769231 0 0 0
-0.335684 0.801031 -0.176181 0.423077 0.692308 0 0 0
-0.379109 0.801031 3.22456e-008 0.5 0.692308 0 0 0
-0.305468 0.884151 2.76391e-008 0.5 0.769231 0 0 0
-0.296592 0.884151 -0.0731035 0.461538 0.769231 0 0 0
-0.379109 0.801031 3.22456e-008 0.5 0.692308 0 0 0
-0.296592 0.884151 -0.0731035 0.461538 0.769231 0 0 0
-0.368092 0.801031 -0.0907266 0.461538 0.692308 0 0 0
-0.368092 0.801031 0.0907266 0.538462 0.692308 0 0 0
-0.296592 0.884151 0.0731035 0.538462 0.769231 0 0 0
-0.305468 0.884151 2.76391e-008 0.5 0.769231 0 0 0
-0.368092 0.801031 0.0907266 0.538462 0.692308 0 0 0
-0.305468 0.884151 2.76391e-008 0.5 0.769231 0 0 0
-0.379109 0.801031 3.22456e-008 0.5 0.692308 0 0 0
-0.335684 0.801031 0.176181 0.576923 0.692308 0 0 0
-0.270479 0.884151 0.141958 0.576923 0.769231 0 0 0
-0.296592 0.884151 0.0731035 0.538462 0.769231 0 0 0
-0.335684 0.801031 0.176181 0.576923 0.692308 0 0 0
-0.296592 0.884151 0.0731035 0.538462 0.769231 0 0 0
-0.368092 0.801031 0.0907266 0.538462 0.692308 0 0 0
-0.283767 0.801031 0.251395 0.615385 0.692308 0 0 0
-0.228646 0.884151 0.202563 0.615385 0.769231 0 0 0
-0.270479 0.884151 0.141958 0.576923 0.769231 0 0 0
-0.283767 0.801031 0.251395 0.615385 0.692308 0 0 0
-0.270479 0.884151 0.141958 0.576923 0.769231 0 0 0
-0.335684 0.801031 0.176181 0.576923 0.692308 0 0 0
-0.215358 0.801031 0.312 0.653846 0.692308 0 0 0
-0.173526 0.884151 0.251395 0.653846 0.769231 0 0 0
-0.228646 0.884151 0.202563 0.615385 0.769231 0 0 0
-0.215358 0.801031 0.312 0.653846 0.692308 0 0 0
-0.228646 0.884151 0.202563 0.615385 0.769231 0 0 0
-0.283767 0.801031 0.251395 0.615385 0.692308 0 0 0
-0.134434 0.801031 0.354472 0.692308 0.692308 0 0 0
-0.108321 0.884151 0.285618 0.692308 0.769231 0 0 0
-0.173526 0.884151 0.251395 0.653846 0.769231 0 0 0
-0.134434 0.801031 0.354472 0.692308 0.692308 0 0 0
-0.173526 0.884151 0.251395 0.653846 0.769231 0 0 0
-0.215358 0.801031 0.312 0.653846 0.692308 0 0 0
-0.0456965 0.801031 0.376344 0.730769 0.692308 0 0 0
-0.0368201 0.884151 0.303241 0.730769 0.769231 0 0 0
-0.108321 0.884151 0.285618 0.692308 0.769231 0 0 0
-0.0456965 0.801031 0.376344 0.730769 0.692308 0 0 0
-0.108321 0.884151 0.285618 0.692308 0.769231 0 0 0
-0.134434 0.801031 0.354472 0.692308 0.692308 0 0 0
0.0456965 0.801031 0.376344 0.769231 0.692308 0 0 0
0.0368201 0.884151 0.303241 0.769231 0.769231 0 0 0
-0.0368201 0.884151 0.303241 0.730769 0.769231 0 0 0
0.0456965 0.801031 0.376344 0.769231 0.692308 0 0 0
-0.0368201 0.884151 0.303241 0.730769 0.769231 0 0 0
-0.0456965 0.801031 0.376344 0.730769 0.692308 0 0 0
0.134434 0.801031 0.354472 0.807692 0.692308 0 0 0
0.108321 0.884151 0.285618 0.807692 0.769231 0 0 0
0.0368201 0.884151 0.303241 0.769231 0.769231 0 0 0
0.134434 0.801031 0.354472 0.807692 0.692308 0 0 0
0.0368201 0.884151 0.303241 0.769231 0.769231 0 0 0
0.0456965 0.801031 0.376344 0.769231 0.692308 0 0 0
0.215358 0.801031 0.312 0.846154 0.692308 0 0 0
0.173525 0.884151 0.251395 0.846154 0.769231 0 0 0
0.108321 0.884151 0.285618 0.807692 0.769231 0 0 0
0.215358 0.801031 0.312 0.846154 0.692308 0 0 0
0.108321 0.884151 0.285618 0.807692 0.769231 0 0 0
0.134434 0.801031 0.354472 0.807692 0.692308 0 0 0
0.283767 0.801031 0.251395 0.884615 0.692308 0 0 0
0.228646 0.884151 0.202563 0.884615 0.769231 0 0 0
0.173525 0.884151 0.251395 0.846154 0.769231 0 0 0
0.283767 0.801031 0.251395 0.884615 0.692308 0 0 0
0.173525 0.884151 0.251395 0.846154 0.769231 0 0 0
0.215358 0.801031 0.312 0.846154 0.692308 0 0 0
0.335684 0.801031 0.176181 0.923077 0.692308 0 0 0
0.270479 0.884151 0.141958 0.923077 0.769231 0 0 0
0.228646 0.884151 0.202563 0.884615 0.769231 0 0 0
0.335684 0.801031 0.176181 0.923077 0.692308 0 0 0
0.228646 0.884151 0.202563 0.884615 0.769231 0 0 0
0.283767 0.801031 0.251395 0.884615 0.692308 0 0 0
0.368092 0.801031 0.0907266 0.961538 0.692308 0 0 0
0.296592 0.884151 0.0731035 0.961538 0.769231 0 0 0
0.270479 0.884151 0.141958 0.923077 0.769231 0 0 0
0.368092 0.801031 0.0907266 0.961538 0.692308 0 0 0
0.270479 0.884151 0.141958 0.923077 0.769231 0 0 0
0.335684 0.801031 0.176181 0.923077 0.692308 0 0 0
0.379109 0.801031 0 1 0.692308 0 0 0
0.305468 0.884151 0 1 0.769231 0 0 0
0.296592 0.884151 0.0731035 0.961538 0.769231 0 0 0
0.379109 0.801031 0 1 0.692308 0 0 0
0.296592 0.884151 0.0731035 0.961538 0.769231 0 0 0
0.368092 0.801031 0.0907266 0.961538 0.692308 0 0 0
0.296592 0.884151 -0.0731035 0.038462 0.769231 0 0 0
0.207855 0.947237 -0.0512318 0.038462 0.846154 0 0 0
0.214075 0.947237 0 0 0.846154 0 0 0
0.296592 0.884151 -0.0731035 0.038462 0.769231 0 0 0
0.214075 0.947237 0 0 0.846154 0 0 0
0.305468 0.884151 0 0 0.769231 0 0 0
0.270479 0.884151 -0.141958 0.076923 0.769231 0 0 0
0.189554 0.947237 -0.0994859 0.076923 0.846154 0 0 0
0.207855 0.947237 -0.0512318 0.038462 0.846154 0 0 0
0.270479 0.884151 -0.141958 0.076923 0.769231 0 0 0
0.207855 0.947237 -0.0512318 0.038462 0.846154 0 0 0
0.296592 0.884151 -0.0731035 0.038462 0.769231 0 0 0
0.228646 0.884151 -0.202563 0.115385 0.769231 0 0 0
0.160238 0.947237 -0.141958 0.115385 0.846154 0 0 0
0.189554 0.947237 -0.0994859 0.076923 0.846154 0 0 0
0.228646 0.884151 -0.202563 0.115385 0.769231 0 0 0
0.189554 0.947237 -0.0994859 0.076923 0.846154 0 0 0
0.270479 0.884151 -0.141958 0.076923 0.769231 0 0 0
0.173526 0.884151 -0.251395 0.153846 0.769231 0 0 0
0.121609 0.947237 -0.176181 0.153846 0.846154 0 0 0
0.160238 0.947237 -0.141958 0.115385 0.846154 0 0 0
0.173526 0.884151 -0.251395 0.153846 0.769231 0 0 0
0.160238 0.947237 -0.141958 0.115385 0.846154 0 0 0
0.228646 0.884151 -0.202563 0.115385 0.769231 0 0 0
0.108321 0.884151 -0.285618 0.192308 0.769231 0 0 0
0.0759121 0.947237 -0.200164 0.192308 0.846154 0 0 0
0.121609 0.947237 -0.176181 0.153846 0.846154 0 0 0
0.108321 0.884151 -0.285618 0.192308 0.769231 0 0 0
0.121609 0.947237 -0.176181 0.153846 0.846154 0 0 0
0.173526 0.884151 -0.251395 0.153846 0.769231 0 0 0
0.0368201 0.884151 -0.303241 0.230769 0.769231 0 0 0
0.0258039 0.947237 -0.212515 0.230769 0.846154 0 0 0
0.0759121 0.947237 -0.200164 0.192308 0.846154 0 0 0
0.0368201 0.884151 -0.303241 0.230769 0.769231 0 0 0
0.0759121 0.947237 -0.200164 0.192308 0.846154 0 0 0
0.108321 0.884151 -0.285618 0.192308 0.769231 0 0 0
-0.0368201 0.884151 -0.303241 0.269231 0.769231 0 0 0
-0.0258039 0.947237 -0.212515 0.269231 0.846154 0 0 0
0.0258039 0.947237 -0.212515 0.230769 0.846154 0 0 0
-0.0368201 0.884151 -0.303241 0.269231 0.769231 0 0 0
0.0258039 0.947237 -0.212515 0.230769 0.846154 0 0 0
0.0368201 0.884151 -0.303241 0.230769 0.769231 0 0 0
-0.108321 0.884151 -0.285618 0.307692 0.769231 0 0 0
-0.0759121 0.947237 -0.200164 0.307692 0.846154 0 0 0
-0.0258039 0.947237 -0.212515 0.269231 0.846154 0 0 0
-0.108321 0.884151 -0.285618 0.307692 0.769231 0 0 0
-0.0258039 0.947237 -0.212515 0.269231 0.846154 0 0 0
-0.0368201 0.884151 -0.303241 0.269231 0.769231 0 0 0
-0.173526 0.884151 -0.251395 0.346154 0.769231 0 0 0
-0.121609 0.947237 -0.176181 0.346154 0.846154 0 0 0
-0.0759121 0.947237 -0.200164 0.307692 0.846154 0 0 0
-0.173526 0.884151 -0.251395 0.346154 0.769231 0 0 0
-0.0759121 0.947237 -0.200164 0.307692 0.846154 0 0 0
-0.108321 0.884151 -0.285618 0.307692 0.769231 0 0 0
-0.228646 0.884151 -0.202563 0.384615 0.769231 0 0 0
-0.160238 0.947237 -0.141958 0.384615 0.846154 0 0 0
-0.121609 0.947237 -0.176181 0.346154 0.846154 0 0 0
-0.228646 0.884151 -0.202563 0.384615 0.769231 0 0 0
-0.121609 0.947237 -0.176181 0.346154 0.846154 0 0 0
-0.173526 0.884151 -0.251395 0.346154 0.769231 0 0 0
-0.270479 0.884151 -0.141958 0.423077 0.769231 0 0 0
-0.189554 0.947237 -0.0994859 0.423077 0.846154 0 0 0
-0.160238 0.947237 -0.141958 0.384615 0.846154 0 0 0
-0.270479 0.884151 -0.141958 0.423077 0.769231 0 0 0
-0.160238 0.947237 -0.141958 0.384615 0.846154 0 0 0
-0.228646 0.884151 -0.202563 0.384615 0.769231 0 0 0
-0.296592 0.884151 -0.0731035 0.461538 0.769231 0 0 0
-0.207855 0.947237 -0.0512318 0.461538 0.846154 0 0 0
-0.189554 0.947237 -0.0994859 0.423077 0.846154 0 0 0
-0.296592 0.884151 -0.0731035 0.461538 0.769231 0 0 0
-0.189554 0.947237 -0.0994859 0.423077 0.846154 0 0 0
-0.270479 0.884151 -0.141958 0.423077 0.769231 0 0 0
-0.305468 0.884151 2.76391e-008 0.5 0.769231 0 0 0
-0.214075 0.947237 1.8426e-008 0.5 0.846154 0 0 0
-0.207855 0.947237 -0.0512318 0.461538 0.846154 0 0 0
-0.305468 0.884151 2.76391e-008 0.5 0.769231 0 0 0
-0.207855 0.947237 -0.0512318 0.461538 0.846154 0 0 0
-0.296592 0.884151 -0.0731035 0.461538 0.769231 0 0 0
-0.296592 0.884151 0.0731035 0.538462 0.769231 0 0 0
-0.207855 0.947237 0.0512318 0.538462 0.846154 0 0 0
-0.214075 0.947237 1.8426e-008 0.5 0.846154 0 0 0
-0.296592 0.884151 0.0731035 0.538462 0.769231 0 0 0
-0.214075 0.947237 1.8426e-008 0.5 0.846154 0 0 0
-0.305468 0.884151 2.76391e-008 0.5 0.769231 0 0 0
-0.270479 0.884151 0.141958 0.576923 0.769231 0 0 0
-0.189554 0.947237 0.0994859 0.576923 0.846154 0 0 0
-0.207855 0.947237 0.0512318 0.538462 0.846154 0 0 0
-0.270479 0.884151 0.141958 0.576923 0.769231 0 0 0
-0.207855 0.947237 0.0512318 0.538462 0.846154 0 0 0
-0.296592 0.884151 0.0731035 0.538462 0.769231 0 0 0
-0.228646 0.884151 0.202563 0.615385 0.769231 0 0 0
-0.160238 0.947237 0.141958 0.615385 0.846154 0 0 0
-0.189554 0.947237 0.0994859 0.576923 0.846154 0 0 0
-0.228646 0.884151 0.202563 0.615385 0.769231 0 0 0
-0.189554 0.947237 0.0994859 0.576923 0.846154 0 0 0
-0.270479 0.884151 0.141958 0.576923 0.769231 0 0 0
-0.173526 0.884151 0.251395 0.653846 0.769231 0 0 0
-0.121609 0.947237 0.176181 0.653846 0.846154 0 0 0
-0.160238 0.947237 0.141958 0.615385 0.846154 0 0 0
-0.173526 0.884151 0.251395 0.653846 0.769231 0 0 0
-0.160238 0.947237 0.141958 0.615385 0.846154 0 0 0
-0.228646 0.884151 0.202563 0.615385 0.769231 0 0 0
-0.108321 0.884151 0.285618 0.692308 0.769231 0 0 0
-0.0759121 0.947237 0.200164 0.692308 0.846154 0 0 0
-0.121609 0.947237 0.176181 0.653846 0.846154 0 0 0
-0.108321 0.884151 0.285618 0.692308 0.769231 0 0 0
-0.121609 0.947237 0.176181 0.653846 0.846154 0 0 0
-0.173526 0.884151 0.251395 0.653846 0.769231 0 0 0
-0.0368201 0.884151 0.303241 0.730769 0.769231 0 0 0
-0.0258039 0.947237 0.212515 0.730769 0.846154 0 0 0
-0.0759121 0.947237 0.200164 0.692308 0.846154 0 0 0
-0.0368201 0.884151 0.303241 0.730769 0.769231 0 0 0
-0.0759121 0.947237 0.200164 0.692308 0.846154 0 0 0
-0.108321 0.884151 0.285618 0.692308 0.769231 0 0 0
0.0368201 0.884151 0.303241 0.769231 0.769231 0 0 0
0.0258039 0.947237 0.212515 0.769231 0.846154 0 0 0
-0.0258039 0.947237 0.212515 0.730769 0.846154 0 0 0
0.0368201 0.884151 0.303241 0.769231 0.769231 0 0 0
-0.0258039 0.947237 0.212515 0.730769 0.846154 0 0 0
-0.0368201 0.884151 0.303241 0.730769 0.769231 0 0 0
0.108321 0.884151 0.285618 0.807692 0.769231 0 0 0
0.0759121 0.947237 0.200164 0.807692 0.846154 0 0 0
0.0258039 0.947237 0.212515 0.769231 0.846154 0 0 0
0.108321 0.884151 0.285618 0.807692 0.769231 0 0 0
0.0258039 0.947237 0.212515 0.769231 0.846154 0 0 0
0.0368201 0.884151 0.303241 0.769231 0.769231 0 0 0
0.173525 0.884151 0.251395 0.846154 0.769231 0 0 0
0.121609 0.947237 0.176181 0.846154 0.846154 0 0 0
0.0759121 0.947237 0.200164 0.807692 0.846154 0 0 0
0.173525 0.884151 0.251395 0.846154 0.769231 0 0 0
0.0759121 0.947237 0.200164 0.807692 0.846154 0 0 0
0.108321 0.884151 0.285618 0.807692 0.769231 0 0 0
0.228646 0.884151 0.202563 0.884615 0.769231 0 0 0
0.160238 0.947237 0.141958 0.884615 0.846154 0 0 0
0.121609 0.947237 0.176181 0.846154 0.846154 0 0 0
0.228646 0.884151 0.202563 0.884615 0.769231 0 0 0
0.121609 0.947237 0.176181 0.846154 0.846154 0 0 0
0.173525 0.884151 0.251395 0.846154 0.769231 0 0 0
0.270479 0.884151 0.141958 0.923077 0.769231 0 0 0
0.189554 0.947237 0.0994859 0.923077 0.846154 0 0 0
0.160238 0.947237 0.141958 0.884615 0.846154 0 0 0
0.270479 0.884151 0.141958 0.923077 0.769231 0 0 0
0.160238 0.947237 0.141958 0.884615 0.846154 0 0 0
0.228646 0.884151 0.202563 0.884615 0.769231 0 0 0
0.296592 0.884151 0.0731035 0.961538 0.769231 0 0 0
0.207855 0.947237 0.0512318 0.961538 0.846154 0 0 0
0.189554 0.947237 0.0994859 0.923077 0.846154 0 0 0
0.296592 0.884151 0.0731035 0.961538 0.769231 0 0 0
0.189554 0.947237 0.0994859 0.923077 0.846154 0 0 0
0.270479 0.884151 0.141958 0.923077 0.769231 0 0 0
0.305468 0.884151 0 1 0.769231 0 0 0
0.214075 0.947237 0 1 0.846154 0 0 0
0.207855 0.947237 0.0512318 0.961538 0.846154 0 0 0
0.305468 0.884151 0 1 0.769231 0 0 0
0.207855 0.947237 0.0512318 0.961538 0.846154 0 0 0
0.296592 0.884151 0.0731035 0.961538 0.769231 0 0 0
0.207855 0.947237 -0.0512318 0.038462 0.846154 0 0 0
0.107038 0.986613 -0.0263824 0.038462 0.923077 0 0 0
0.110241 0.986613 0 0 0.923077 0 0 0
0.207855 0.947237 -0.0512318 0.038462 0.846154 0 0 0
0.110241 0.986613 0 0 0.923077 0 0 0
0.214075 0.947237 0 0 0.846154 0 0 0
0.189554 0.947237 -0.0994859 0.076923 0.846154 0 0 0
0.0976138 0.986613 -0.0512318 0.076923 0.923077 0 0 0
0.107038 0.986613 -0.0263824 0.038462 0.923077 0 0 0
0.189554 0.947237 -0.0994859 0.076923 0.846154 0 0 0
0.107038 0.986613 -0.0263824 0.038462 0.923077 0 0 0
0.207855 0.947237 -0.0512318 0.038462 0.846154 0 0 0
0.160238 0.947237 -0.141958 0.115385 0.846154 0 0 0
0.0825164 0.986613 -0.0731035 0.115385 0.923077 0 0 0
0.0976138 0.986613 -0.0512318 0.076923 0.923077 0 0 0
0.160238 0.947237 -0.141958 0.115385 0.846154 0 0 0
0.0976138 0.986613 -0.0512318 0.076923 0.923077 0 0 0
0.189554 0.947237 -0.0994859 0.076923 0.846154 0 0 0
0.121609 0.947237 -0.176181 0.153846 0.846154 0 0 0
0.0626241 0.986613 -0.0907266 0.153846 0.923077 0 0 0
0.0825164 0.986613 -0.0731035 0.115385 0.923077 0 0 0
0.121609 0.947237 -0.176181 0.153846 0.846154 0 0 0
0.0825164 0.986613 -0.0731035 0.115385 0.923077 0 0 0
0.160238 0.947237 -0.141958 0.115385 0.846154 0 0 0
0.0759121 0.947237 -0.200164 0.192308 0.846154 0 0 0
0.039092 0.986613 -0.103077 0.192308 0.923077 0 0 0
0.0626241 0.986613 -0.0907266 0.153846 0.923077 0 0 0
0.0759121 0.947237 -0.200164 0.192308 0.846154 0 0 0
0.0626241 0.986613 -0.0907266 0.153846 0.923077 0 0 0
0.121609 0.947237 -0.176181 0.153846 0.846154 0 0 0
0.0258039 0.947237 -0.212515 0.230769 0.846154 0 0 0
0.0132881 0.986613 -0.109437 0.230769 0.923077 0 0 0
0.039092 0.986613 -0.103077 0.192308 0.923077 0 0 0
0.0258039 0.947237 -0.212515 0.230769 0.846154 0 0 0
0.039092 0.986613 -0.103077 0.192308 0.923077 0 0 0
0.0759121 0.947237 -0.200164 0.192308 0.846154 0 0 0
-0.0258039 0.947237 -0.212515 0.269231 0.846154 0 0 0
-0.0132881 0.986613 -0.109437 0.269231 0.923077 0 0 0
0.0132881 0.986613 -0.109437 0.230769 0.923077 0 0 0
-0.0258039 0.947237 -0.212515 0.269231 0.846154 0 0 0
0.0132881 0.986613 -0.109437 0.230769 0.923077 0 0 0
0.0258039 0.947237 -0.212515 0.230769 0.846154 0 0 0
-0.0759121 0.947237 -0.200164 0.307692 0.846154 0 0 0
-0.039092 0.986613 -0.103077 0.307692 0.923077 0 0 0
-0.0132881 0.986613 -0.109437 0.269231 0.923077 0 0 0
-0.0759121 0.947237 -0.200164 0.307692 0.846154 0 0 0
-0.0132881 0.986613 -0.109437 0.269231 0.923077 0 0 0
-0.0258039 0.947237 -0.212515 0.269231 0.846154 0 0 0
-0.121609 0.947237 -0.176181 0.346154 0.846154 0 0 0
-0.0626241 0.986613 -0.0907266 0.346154 0.923077 0 0 0
-0.039092 0.986613 -0.103077 0.307692 0.923077 0 0 0
-0.121609 0.947237 -0.176181 0.346154 0.846154 0 0 0
-0.039092 0.986613 -0.103077 0.307692 0.923077 0 0 0
-0.0759121 0.947237 -0.200164 0.307692 0.846154 0 0 0
-0.160238 0.947237 -0.141958 0.384615 0.846154 0 0 0
-0.0825164 0.986613 -0.0731035 0.384615 0.923077 0 0 0
-0.0626241 0.986613 -0.0907266 0.346154 0.923077 0 0 0
-0.160238 0.947237 -0.141958 0.384615 0.846154 0 0 0
-0.0626241 0.986613 -0.0907266 0.346154 0.923077 0 0 0
-0.121609 0.947237 -0.176181 0.346154 0.846154 0 0 0
-0.189554 0.947237 -0.0994859 0.423077 0.846154 0 0 0
-0.0976138 0.986613 -0.0512318 0.423077 0.923077 0 0 0
-0.0825164 0.986613 -0.0731035 0.384615 0.923077 0 0 0
-0.189554 0.947237 -0.0994859 0.423077 0.846154 0 0 0
-0.0825164 0.986613 -0.0731035 0.384615 0.923077 0 0 0
-0.160238 0.947237 -0.141958 0.384615 0.846154 0 0 0
-0.207855 0.947237 -0.0512318 0.461538 0.846154 0 0 0
-0.107038 0.986613 -0.0263824 0.461538 0.923077 0 0 0
-0.0976138 0.986613 -0.0512318 0.423077 0.923077 0 0 0
-0.207855 0.947237 -0.0512318 0.461538 0.846154 0 0 0
-0.0976138 0.986613 -0.0512318 0.423077 0.923077 0 0 0
-0.189554 0.947237 -0.0994859 0.423077 0.846154 0 0 0
-0.214075 0.947237 1.8426e-008 0.5 0.846154 0 0 0
-0.110241 0.986613 9.21302e-009 0.5 0.923077 0 0 0
-0.107038 0.986613 -0.0263824 0.461538 0.923077 0 0 0
-0.214075 0.947237 1.8426e-008 0.5 0.846154 0 0 0
-0.107038 0.986613 -0.0263824 0.461538 0.923077 0 0 0
-0.207855 0.947237 -0.0512318 0.461538 0.846154 0 0 0
-0.207855 0.947237 0.0512318 0.538462 0.846154 0 0 0
-0.107038 0.986613 0.0263824 0.538462 0.923077 0 0 0
-0.110241 0.986613 9.21302e-009 0.5 0.923077 0 0 0
-0.207855 0.947237 0.0512318 0.538462 0.846154 0 0 0
-0.110241 0.986613 9.21302e-009 0.5 0.923077 0 0 0
-0.214075 0.947237 1.8426e-008 0.5 0.846154 0 0 0
-0.189554 0.947237 0.0994859 0.576923 0.846154 0 0 0
-0.0976138 0.986613 0.0512318 0.576923 0.923077 0 0 0
-0.107038 0.986613 0.0263824 0.538462 0.923077 0 0 0
-0.189554 0.947237 0.0994859 0.576923 0.846154 0 0 0
-0.107038 0.986613 0.0263824 0.538462 0.923077 0 0 0
-0.207855 0.947237 0.0512318 0.538462 0.846154 0 0 0
-0.160238 0.947237 0.141958 0.615385 0.846154 0 0 0
-0.0825164 0.986613 0.0731035 0.615385 0.923077 0 0 0
-0.0976138 0.986613 0.0512318 0.576923 0.923077 0 0 0
-0.160238 0.947237 0.141958 0.615385 0.846154 0 0 0
-0.0976138 0.986613 0.0512318 0.576923 0.923077 0 0 0
-0.189554 0.947237 0.0994859 0.576923 0.846154 0 0 0
-0.121609 0.947237 0.176181 0.653846 0.846154 0 0 0
-0.0626241 0.986613 0.0907266 0.653846 0.923077 0 0 0
-0.0825164 0.986613 0.0731035 0.615385 0.923077 0 0 0
-0.121609 0.947237 0.176181 0.653846 0.846154 0 0 0
-0.0825164 0.986613 0.0731035 0.615385 0.923077 0 0 0
-0.160238 0.947237 0.141958 0.615385 0.846154 0 0 0
-0.0759121 0.947237 0.200164 0.692308 0.846154 0 0 0
-0.0390921 0.986613 0.103077 0.692308 0.923077 0 0 0
-0.0626241 0.986613 0.0907266 0.653846 0.923077 0 0 0
-0.0759121 0.947237 0.200164 0.692308 0.846154 0 0 0
-0.0626241 0.986613 0.0907266 0.653846 0.923077 0 0 0
-0.121609 0.947237 0.176181 0.653846 0.846154 0 0 0
-0.0258039 0.947237 0.212515 0.730769 0.846154 0 0 0
-0.0132881 0.986613 0.109437 0.730769 0.923077 0 0 0
-0.0390921 0.986613 0.103077 0.692308 0.923077 0 0 0
-0.0258039 0.947237 0.212515 0.730769 0.846154 0 0 0
-0.0390921 0.986613 0.103077 0.692308 0.923077 0 0 0
-0.0759121 0.947237 0.200164 0.692308 0.846154 0 0 0
0.0258039 0.947237 0.212515 0.769231 0.846154 0 0 0
0.0132881 0.986613 0.109437 0.769231 0.923077 0 0 0
-0.0132881 0.986613 0.109437 0.730769 0.923077 0 0 0
0.0258039 0.947237 0.212515 0.769231 0.846154 0 0 0
-0.0132881 0.986613 0.109437 0.730769 0.923077 0 0 0
-0.0258039 0.947237 0.212515 0.730769 0.846154 0 0 0
0.0759121 0.947237 0.200164 0.807692 0.846154 0 0 0
0.0390921 0.986613 0.103077 0.807692 0.923077 0 0 0
0.0132881 0.986613 0.109437 0.769231 0.923077 0 0 0
0.0759121 0.947237 0.200164 0.807692 0.846154 0 0 0
0.0132881 0.986613 0.109437 0.769231 0.923077 0 0 0
0.0258039 0.947237 0.212515 0.769231 0.846154 0 0 0
0.121609 0.947237 0.176181 0.846154 0.846154 0 0 0
0.0626241 0.986613 0.0907266 0.846154 0.923077 0 0 0
0.0390921 0.986613 0.103077 0.807692 0.923077 0 0 0
0.121609 0.947237 0.176181 0.846154 0.846154 0 0 0
0.0390921 0.986613 0.103077 0.807692 0.923077 0 0 0
0.0759121 0.947237 0.200164 0.807692 0.846154 0 0 0
0.160238 0.947237 0.141958 0.884615 0.846154 0 0 0
0.0825164 0.986613 0.0731035 0.884615 0.923077 0 0 0
0.0626241 0.986613 0.0907266 0.846154 0.923077 0 0 0
0.160238 0.947237 0.141958 0.884615 0.846154 0 0 0
0.0626241 0.986613 0.0907266 0.846154 0.923077 0 0 0
0.121609 0.947237 0.176181 0.846154 0.846154 0 0 0
0.189554 0.947237 0.0994859 0.923077 0.846154 0 0 0
0.0976138 0.986613 0.0512318 0.923077 0.923077 0 0 0
0.0825164 0.986613 0.0731035 0.884615 0.923077 0 0 0
0.189554 0.947237 0.0994859 0.923077 0.846154 0 0 0
0.0825164 0.986613 0.0731035 0.884615 0.923077 0 0 0
0.160238 0.947237 0.141958 0.884615 0.846154 0 0 0
0.207855 0.947237 0.0512318 0.961538 0.846154 0 0 0
0.107038 0.986613 0.0263824 0.961538 0.923077 0 0 0
0.0976138 0.986613 0.0512318 0.923077 0.923077 0 0 0
0.207855 0.947237 0.0512318 0.961538 0.846154 0 0 0
0.0976138 0.986613 0.0512318 0.923077 0.923077 0 0 0
0.189554 0.947237 0.0994859 0.923077 0.846154 0 0 0
0.214075 0.947237 0 1 0.846154 0 0 0
0.110241 0.986613 0 1 0.923077 0 0 0
0.107038 0.986613 0.0263824 0.961538 0.923077 0 0 0
0.214075 0.947237 0 1 0.846154 0 0 0
0.107038 0.986613 0.0263824 0.961538 0.923077 0 0 0
0.207855 0.947237 0.0512318 0.961538 0.846154 0 0 0
0.107038 0.0920842 -0.0263824 0.038462 0.076923 0 0 0
0.110241 0.0920842 0 0 0.076923 0 0 0
0 0.0786981 0 0 0 0 0 0
0 1 0 0 1 0 0 0
0.110241 0.986613 0 0 0.923077 0 0 0
0.107038 0.986613 -0.0263824 0.038462 0.923077 0 0 0
0.0976138 0.0920842 -0.0512318 0.076923 0.076923 0 0 0
0.107038 0.0920842 -0.0263824 0.038462 0.076923 0 0 0
0 0.0786981 0 0.038462 0 0 0 0
0 1 0 0.038462 1 0 0 0
0.107038 0.986613 -0.0263824 0.038462 0.923077 0 0 0
0.0976138 0.986613 -0.0512318 0.076923 0.923077 0 0 0
0.0825164 0.0920842 -0.0731035 0.115385 0.076923 0 0 0
0.0976138 0.0920842 -0.0512318 0.076923 0.076923 0 0 0
0 0.0786981 0 0.076923 0 0 0 0
0 1 0 0.076923 1 0 0 0
0.0976138 0.986613 -0.0512318 0.076923 0.923077 0 0 0
0.0825164 0.986613 -0.0731035 0.115385 0.923077 0 0 0
0.0626241 0.0920842 -0.0907266 0.153846 0.076923 0 0 0
0.0825164 0.0920842 -0.0731035 0.115385 0.076923 0 0 0
0 0.0786981 0 0.115385 0 0 0 0
0 1 0 0.115385 1 0 0 0
0.0825164 0.986613 -0.0731035 0.115385 0.923077 0 0 0
0.0626241 0.986613 -0.0907266 0.153846 0.923077 0 0 0
0.039092 0.0920842 -0.103077 0.192308 0.076923 0 0 0
0.0626241 0.0920842 -0.0907266 0.153846 0.076923 0 0 0
0 0.0786981 0 0.153846 0 0 0 0
0 1 0 0.153846 1 0 0 0
0.0626241 0.986613 -0.0907266 0.153846 0.923077 0 0 0
0.039092 0.986613 -0.103077 0.192308 0.923077 0 0 0
0.0132881 0.0920842 -0.109437 0.230769 0.076923 0 0 0
0.039092 0.0920842 -0.103077 0.192308 0.076923 0 0 0
0 0.0786981 0 0.192308 0 0 0 0
0 1 0 0.192308 1 0 0 0
0.039092 0.986613 -0.103077 0.192308 0.923077 0 0 0
0.0132881 0.986613 -0.109437 0.230769 0.923077 0 0 0
-0.0132881 0.0920842 -0.109437 0.269231 0.076923 0 0 0
0.0132881 0.0920842 -0.109437 0.230769 0.076923 0 0 0
0 0.0786981 0 0.230769 0 0 0 0
0 1 0 0.230769 1 0 0 0
0.0132881 0.986613 -0.109437 0.230769 0.923077 0 0 0
-0.0132881 0.986613 -0.109437 0.269231 0.923077 0 0 0
-0.039092 0.0920842 -0.103077 0.307692 0.076923 0 0 0
-0.0132881 0.0920842 -0.109437 0.269231 0.076923 0 0 0
0 0.0786981 0 0.269231 0 0 0 0
0 1 0 0.269231 1 0 0 0
-0.0132881 0.986613 -0.109437 0.269231 0.923077 0 0 0
-0.039092 0.986613 -0.103077 0.307692 0.923077 0 0 0
-0.0626241 0.0920842 -0.0907266 0.346154 0.076923 0 0 0
-0.039092 0.0920842 -0.103077 0.307692 0.076923 0 0 0
0 0.0786981 0 0.307692 0 0 0 0
0 1 0 0.307692 1 0 0 0
-0.039092 0.986613 -0.103077 0.307692 0.923077 0 0 0
-0.0626241 0.986613 -0.0907266 0.346154 0.923077 0 0 0
-0.0825164 0.0920842 -0.0731035 0.384615 0.076923 0 0 0
-0.0626241 0.0920842 -0.0907266 0.346154 0.076923 0 0 0
0 0.0786981 0 0.346154 0 0 0 0
0 1 0 0.346154 1 0 0 0
-0.0626241 0.986613 -0.0907266 0.346154 0.923077 0 0 0
-0.0825164 0.986613 -0.0731035 0.384615 0.923077 0 0 0
-0.0976138 0.0920842 -0.0512318 0.423077 0.076923 0 0 0
-0.0825164 0.0920842 -0.0731035 0.384615 0.076923 0 0 0
0 0.0786981 0 0.384615 0 0 0 0
0 1 0 0.384615 1 0 0 0
-0.0825164 0.986613 -0.0731035 0.384615 0.923077 0 0 0
-0.0976138 0.986613 -0.0512318 0.423077 0.923077 0 0 0
-0.107038 0.0920842 -0.0263824 0.461538 0.076923 0 0 0
-0.0976138 0.0920842 -0.0512318 0.423077 0.076923 0 0 0
0 0.0786981 0 0.423077 0 0 0 0
0 1 0 0.423077 1 0 0 0
-0.0976138 0.986613 -0.0512318 0.423077 0.923077 0 0 0
-0.107038 0.986613 -0.0263824 0.461538 0.923077 0 0 0
-0.110241 0.0920842 9.21302e-009 0.5 0.076923 0 0 0
-0.107038 0.0920842 -0.0263824 0.461538 0.076923 0 0 0
0 0.0786981 0 0.461538 0 0 0 0
0 1 0 0.461538 1 0 0 0
-0.107038 0.986613 -0.0263824 0.461538 0.923077 0 0 0
-0.110241 0.986613 9.21302e-009 0.5 0.923077 0 0 0
-0.107038 0.0920842 0.0263824 0.538462 0.076923 0 0 0
-0.110241 0.0920842 9.21302e-009 0.5 0.076923 0 0 0
0 0.0786981 0 0.5 0 0 0 0
0 1 0 0.5 1 0 0 0
-0.110241 0.986613 9.21302e-009 0.5 0.923077 0 0 0
-0.107038 0.986613 0.0263824 0.538462 0.923077 0 0 0
-0.0976138 0.0920842 0.0512318 0.576923 0.076923 0 0 0
-0.107038 0.0920842 0.0263824 0.538462 0.076923 0 0 0
0 0.0786981 0 0.538462 0 0 0 0
0 1 0 0.538462 1 0 0 0
-0.107038 0.986613 0.0263824 0.538462 0.923077 0 0 0
-0.0976138 0.986613 0.0512318 0.576923 0.923077 0 0 0
-0.0825164 0.0920842 0.0731035 0.615385 0.076923 0 0 0
-0.0976138 0.0920842 0.0512318 0.576923 0.076923 0 0 0
0 0.0786981 0 0.576923 0 0 0 0
0 1 0 0.576923 1 0 0 0
-0.0976138 0.986613 0.0512318 0.576923 0.923077 0 0 0
-0.0825164 0.986613 0.0731035 0.615385 0.923077 0 0 0
-0.0626241 0.0920842 0.0907266 0.653846 0.076923 0 0 0
-0.0825164 0.0920842 0.0731035 0.615385 0.076923 0 0 0
0 0.0786981 0 0.615385 0 0 0 0
0 1 0 0.615385 1 0 0 0
-0.0825164 0.986613 0.0731035 0.615385 0.923077 0 0 0
-0.0626241 0.986613 0.0907266 0.653846 0.923077 0 0 0
-0.0390921 0.0920842 0.103077 0.692308 0.076923 0 0 0
-0.0626241 0.0920842 0.0907266 0.653846 0.076923 0 0 0
0 0.0786981 0 0.653846 0 0 0 0
0 1 0 0.653846 1 0 0 0
-0.0626241 0.986613 0.0907266 0.653846 0.923077 0 0 0
-0.0390921 0.986613 0.103077 0.692308 0.923077 0 0 0
-0.0132881 0.0920842 0.109437 0.730769 0.076923 0 0 0
-0.0390921 0.0920842 0.103077 0.692308 0.076923 0 0 0
0 0.0786981 0 0.692308 0 0 0 0
0 1 0 0.692308 1 0 0 0
-0.0390921 0.986613 0.103077 0.692308 0.923077 0 0 0
-0.0132881 0.986613 0.109437 0.730769 0.923077 0 0 0
0.0132881 0.0920842 0.109437 0.769231 0.076923 0 0 0
-0.0132881 0.0920842 0.109437 0.730769 0.076923 0 0 0
0 0.0786981 0 0.730769 0 0 0 0
0 1 0 0.730769 1 0 0 0
-0.0132881 0.986613 0.109437 0.730769 0.923077 0 0 0
0.0132881 0.986613 0.109437 0.769231 0.923077 0 0 0
0.0390921 0.0920842 0.103077 0.807692 0.076923 0 0 0
0.0132881 0.0920842 0.109437 0.769231 0.076923 0 0 0
0 0.0786981 0 0.769231 0 0 0 0
0 1 0 0.769231 1 0 0 0
0.0132881 0.986613 0.109437 0.769231 0.923077 0 0 0
0.0390921 0.986613 0.103077 0.807692 0.923077 0 0 0
0.0626241 0.0920842 0.0907266 0.846154 0.076923 0 0 0
0.0390921 0.0920842 0.103077 0.807692 0.076923 0 0 0
0 0.0786981 0 0.807692 0 0 0 0
0 1 0 0.807692 1 0 0 0
0.0390921 0.986613 0.103077 0.807692 0.923077 0 0 0
0.0626241 0.986613 0.0907266 0.846154 0.923077 0 0 0
0.0825164 0.0920842 0.0731035 0.884615 0.076923 0 0 0
0.0626241 0.0920842 0.0907266 0.846154 0.076923 0 0 0
0 0.0786981 0 0.846154 0 0 0 0
0 1 0 0.846154 1 0 0 0
0.0626241 0.986613 0.0907266 0.846154 0.923077 0 0 0
0.0825164 0.986613 0.0731035 0.884615 0.923077 0 0 0
0.0976138 0.0920842 0.0512318 0.923077 0.076923 0 0 0
0.0825164 0.0920842 0.0731035 0.884615 0.076923 0 0 0
0 0.0786981 0 0.884615 0 0 0 0
0 1 0 0.884615 1 0 0 0
0.0825164 0.986613 0.0731035 0.884615 0.923077 0 0 0
0.0976138 0.986613 0.0512318 0.923077 0.923077 0 0 0
0.107038 0.0920842 0.0263824 0.961538 0.076923 0 0 0
0.0976138 0.0920842 0.0512318 0.923077 0.076923 0 0 0
0 0.0786981 0 0.923077 0 0 0 0
0 1 0 0.923077 1 0 0 0
0.0976138 0.986613 0.0512318 0.923077 0.923077 0 0 0
0.107038 0.986613 0.0263824 0.961538 0.923077 0 0 0
0.110241 0.0920842 0 1 0.076923 0 0 0
0.107038 0.0920842 0.0263824 0.961538 0.076923 0 0 0
0 0.0786981 0 0.961538 0 0 0 0
0 1 0 0.961538 1 0 0 0
0.107038 0.986613 0.0263824 0.961538 0.923077 0 0 0
0.110241 0.986613 0 1 0.923077 0 0 0
