Vertex Count: 96

Data:

-0.344477 0 3.454 0.0005 0.0005 0 -1 -0
-0.344477 0 2.19295 0.0005 0.2502 0 -1 -0
0.741643 0 2.19295 0.2502 0.2502 0 -1 -0
-0.344477 0 3.454 0.0005 0.0005 0 -1 -0
0.741643 0 2.19295 0.2502 0.2502 0 -1 -0
0.741643 0 3.454 0.2502 0.0005 0 -1 -0
0.741643 0 3.454 0.2502 0.0005 0 -1 -0
0.741643 0 2.19295 0.2502 0.2502 0 -1 -0
1.82776 0 2.19295 0.5 0.2502 0 -1 -0
0.741643 0 3.454 0.2502 0.0005 0 -1 -0
1.82776 0 2.19295 0.5 0.2502 0 -1 -0
1.82776 0 3.454 0.5 0.0005 0 -1 -0
1.82776 0 3.454 0.5 0.0005 0 -1 -0
1.82776 0 2.19295 0.5 0.2502 0 -1 -0
2.91389 0 2.19295 0.7498 0.2502 0 -1 -0
1.82776 0 3.454 0.5 0.0005 0 -1 -0
2.91389 0 2.19295 0.7498 0.2502 0 -1 -0
2.91389 0 3.454 0.7498 0.0005 0 -1 -0
2.91389 0 3.454 0.7498 0.0005 0 -1 -0
2.91389 0 2.19295 0.7498 0.2502 0 -1 -0
4 0 2.19295 0.9995 0.2502 0 -1 -0
2.91389 0 3.454 0.7498 0.0005 0 -1 -0
4 0 2.19295 0.9995 0.2502 0 -1 -0
4 0 3.454 0.9995 0.0005 0 -1 -0
-0.344477 0 2.19295 0.0005 0.2502 0 -1 -0
-0.344477 0 0.931895 0.0005 0.5 0 -1 -0
0.741643 0 0.931895 0.2502 0.5 0 -1 -0
-0.344477 0 2.19295 0.0005 0.2502 0 -1 -0
0.741643 0 0.931895 0.2502 0.5 0 -1 -0
0.741643 0 2.19295 0.2502 0.2502 0 -1 -0
0.741643 0 2.19295 0.2502 0.2502 0 -1 -0
0.741643 0 0.931895 0.2502 0.5 0 -1 -0
1.82776 0 0.931895 0.5 0.5 0 -1 -0
0.741643 0 2.19295 0.2502 0.2502 0 -1 -0
1.82776 0 0.931895 0.5 0.5 0 -1 -0
1.82776 0 2.19295 0.5 0.2502 0 -1 -0
1.82776 0 2.19295 0.5 0.2502 0 -1 -0
1.82776 0 0.931895 0.5 0.5 0 -1 -0
2.91389 0 0.931895 0.7498 0.5 0 -1 -0
1.82776 0 2.19295 0.5 0.2502 0 -1 -0
2.91389 0 0.931895 0.7498 0.5 0 -1 -0
2.91389 0 2.19295 0.7498 0.2502 0 -1 -0
2.91389 0 2.19295 0.7498 0.2502 0 -1 -0
2.91389 0 0.931895 0.7498 0.5 0 -1 -0
4 0 0.931895 0.9995 0.5 0 -1 -0
2.91389 0 2.19295 0.7498 0.2502 0 -1 -0
4 0 0.931895 0.9995 0.5 0 -1 -0
4 0 2.19295 0.9995 0.2502 0 -1 -0
-0.344477 0 0.931895 0.0005 0.5 0 -1 -0
-0.344477 0 -0.329159 0.0005 0.7498 0 -1 -0
0.741643 0 -0.329159 0.2502 0.7498 0 -1 -0
-0.344477 0 0.931895 0.0005 0.5 0 -1 -0
0.741643 0 -0.329159 0.2502 0.7498 0 -1 -0
0.741643 0 0.931895 0.2502 0.5 0 -1 -0
0.741643 0 0.931895 0.2502 0.5 0 -1 -0
0.741643 0 -0.329159 0.2502 0.7498 0 -1 -0
1.82776 0 -0.329159 0.5 0.7498 0 -1 -0
0.741643 0 0.931895 0.2502 0.5 0 -1 -0
1.82776 0 -0.329159 0.5 0.7498 0 -1 -0
1.82776 0 0.931895 0.5 0.5 0 -1 -0
1.82776 0 0.931895 0.5 0.5 0 -1 -0
1.82776 0 -0.329159 0.5 0.7498 0 -1 -0
2.91389 0 -0.329159 0.7498 0.7498 0 -1 -0
1.82776 0 0.931895 0.5 0.5 0 -1 -0
2.91389 0 -0.329159 0.7498 0.7498 0 -1 -0
2.91389 0 0.931895 0.7498 0.5 0 -1 -0
2.91389 0 0.931895 0.7498 0.5 0 -1 -0
2.91389 0 -0.329159 0.7498 0.7498 0 -1 -0
4 0 -0.329159 0.9995 0.7498 0 -1 -0
2.91389 0 0.931895 0.7498 0.5 0 -1 -0
4 0 -0.329159 0.9995 0.7498 0 -1 -0
4 0 0.931895 0.9995 0.5 0 -1 -0
-0.344477 0 -0.329159 0.0005 0.7498 0 -1 -0
-0.344477 0 -1.59021 0.0005 0.9995 0 -1 -0
0.741643 0 -1.59021 0.2502 0.9995 0 -1 -0
-0.344477 0 -0.329159 0.0005 0.7498 0 -1 -0
0.741643 0 -1.59021 0.2502 0.9995 0 -1 -0
0.741643 0 -0.329159 0.2502 0.7498 0 -1 -0
0.741643 0 -0.329159 0.2502 0.7498 0 -1 -0
0.741643 0 -1.59021 0.2502 0.9995 0 -1 -0
1.82776 0 -1.59021 0.5 0.9995 0 -1 -0
0.741643 0 -0.329159 0.2502 0.7498 0 -1 -0
1.82776 0 -1.59021 0.5 0.9995 0 -1 -0
1.82776 0 -0.329159 0.5 0.7498 0 -1 -0
1.82776 0 -0.329159 0.5 0.7498 0 -1 -0
1.82776 0 -1.59021 0.5 0.9995 0 -1 -0
2.91389 0 -1.59021 0.7498 0.9995 0 -1 -0
1.82776 0 -0.329159 0.5 0.7498 0 -1 -0
2.91389 0 -1.59021 0.7498 0.9995 0 -1 -0
2.91389 0 -0.329159 0.7498 0.7498 0 -1 -0
2.91389 0 -0.329159 0.7498 0.7498 0 -1 -0
2.91389 0 -1.59021 0.7498 0.9995 0 -1 -0
4 0 -1.59021 0.9995 0.9995 0 -1 -0
2.91389 0 -0.329159 0.7498 0.7498 0 -1 -0
4 0 -1.59021 0.9995 0.9995 0 -1 -0
4 0 -0.329159 0.9995 0.7498 0 -1 -0
