Vertex Count: 36

Data:

-13.6439 0 2.3777 0.0005 0.9995 0 1 -0
-13.6439 0 8.9119 0.0005 0.0005 0 1 -0
17.425 0 8.9119 0.9995 0.0005 0 1 -0
-13.6439 0 2.3777 0.0005 0.9995 0 1 -0
17.425 0 8.9119 0.9995 0.0005 0 1 -0
17.425 0 2.3777 0.9995 0.9995 0 1 -0
17.425 37.1758 8.9119 0.0005 0.0005 0 -1 -0
-13.6439 37.1758 8.9119 0.9995 0.0005 0 -1 -0
-13.6439 37.1758 2.3777 0.9995 0.9995 0 -1 -0
17.425 37.1758 8.9119 0.0005 0.0005 0 -1 -0
-13.6439 37.1758 2.3777 0.9995 0.9995 0 -1 -0
17.425 37.1758 2.3777 0.0005 0.9995 0 -1 -0
17.425 0 8.9119 0.0005 0.0005 0 0 -1
-13.6439 0 8.9119 0.9995 0.0005 0 0 -1
-13.6439 37.1758 8.9119 0.9995 0.9995 0 0 -1
17.425 0 8.9119 0.0005 0.0005 0 0 -1
-13.6439 37.1758 8.9119 0.9995 0.9995 0 0 -1
17.425 37.1758 8.9119 0.0005 0.9995 0 0 -1
17.425 0 2.3777 0.0005 0.0005 -1 0 -0
17.425 0 8.9119 0.9995 0.0005 -1 0 -0
17.425 37.1758 8.9119 0.9995 0.9995 -1 0 -0
17.425 0 2.3777 0.0005 0.0005 -1 0 -0
17.425 37.1758 8.9119 0.9995 0.9995 -1 0 -0
17.425 37.1758 2.3777 0.0005 0.9995 -1 0 -0
-13.6439 0 2.3777 0.0005 0.0005 0 0 1
17.425 0 2.3777 0.9995 0.0005 0 0 1
17.425 37.1758 2.3777 0.9995 0.9995 0 0 1
-13.6439 0 2.3777 0.0005 0.0005 0 0 1
17.425 37.1758 2.3777 0.9995 0.9995 0 0 1
-13.6439 37.1758 2.3777 0.0005 0.9995 0 0 1
-13.6439 0 8.9119 0.0005 0.0005 1 0 -0
-13.6439 0 2.3777 0.9995 0.0005 1 0 -0
-13.6439 37.1758 2.3777 0.9995 0.9995 1 0 -0
-13.6439 0 8.9119 0.0005 0.0005 1 0 -0
-13.6439 37.1758 2.3777 0.9995 0.9995 1 0 -0
-13.6439 37.1758 8.9119 0.0005 0.9995 1 0 -0
