Vertex Count: 36

Data:

-0.36701 0 0.0639583 0.0005 0.9995 0 1 -0
-0.36701 0 0.239723 0.0005 0.0005 0 1 -0
0.468719 0 0.239723 0.9995 0.0005 0 1 -0
-0.36701 0 0.0639583 0.0005 0.9995 0 1 -0
0.468719 0 0.239723 0.9995 0.0005 0 1 -0
0.468719 0 0.0639583 0.9995 0.9995 0 1 -0
0.468719 1 0.239723 0.0005 0.0005 0 -1 -0
-0.36701 1 0.239723 0.9995 0.0005 0 -1 -0
-0.36701 1 0.0639583 0.9995 0.9995 0 -1 -0
0.468719 1 0.239723 0.0005 0.0005 0 -1 -0
-0.36701 1 0.0639583 0.9995 0.9995 0 -1 -0
0.468719 1 0.0639583 0.0005 0.9995 0 -1 -0
0.468719 0 0.239723 0.0005 0.0005 0 0 -1
-0.36701 0 0.239723 0.9995 0.0005 0 0 -1
-0.36701 1 0.239723 0.9995 0.9995 0 0 -1
0.468719 0 0.239723 0.0005 0.0005 0 0 -1
-0.36701 1 0.239723 0.9995 0.9995 0 0 -1
0.468719 1 0.239723 0.0005 0.9995 0 0 -1
0.468719 0 0.0639583 0.0005 0.0005 -1 0 -0
0.468719 0 0.239723 0.9995 0.0005 -1 0 -0
0.468719 1 0.239723 0.9995 0.9995 -1 0 -0
0.468719 0 0.0639583 0.0005 0.0005 -1 0 -0
0.468719 1 0.239723 0.9995 0.9995 -1 0 -0
0.468719 1 0.0639583 0.0005 0.9995 -1 0 -0
-0.36701 0 0.0639583 0.0005 0.0005 0 0 1
0.468719 0 0.0639583 0.9995 0.0005 0 0 1
0.468719 1 0.0639583 0.9995 0.9995 0 0 1
-0.36701 0 0.0639583 0.0005 0.0005 0 0 1
0.468719 1 0.0639583 0.9995 0.9995 0 0 1
-0.36701 1 0.0639583 0.0005 0.9995 0 0 1
-0.36701 0 0.239723 0.0005 0.0005 1 0 -0
-0.36701 0 0.0639583 0.9995 0.0005 1 0 -0
-0.36701 1 0.0639583 0.9995 0.9995 1 0 -0
-0.36701 0 0.239723 0.0005 0.0005 1 0 -0
-0.36701 1 0.0639583 0.9995 0.9995 1 0 -0
-0.36701 1 0.239723 0.0005 0.9995 1 0 -0
