Vertex Count: 72

Data:

1742.26 0 1705.55 1 1 0.0001 -0.0275 0.9996
1788.3 828.385 1728.47 108.847 -152.98 0.0001 -0.0275 0.9996
704.832 828.385 1728.47 0.5 -152.98 0.0001 -0.0275 0.9996
1742.26 0 1705.55 1 1 0.0001 -0.0275 0.9996
704.832 828.385 1728.47 0.5 -152.98 0.0001 -0.0275 0.9996
709.692 0 1705.76 1 1 0.0001 -0.0275 0.9996
704.832 828.385 1728.47 0.5 -152.98 0.002 -0.0247 0.9997
-389.218 828.385 1728.47 -108.905 -152.98 0.002 -0.0247 0.9997
-393.46 0 1710.2 1 1 0.002 -0.0247 0.9997
704.832 828.385 1728.47 0.5 -152.98 0.002 -0.0247 0.9997
-393.46 0 1710.2 1 1 0.002 -0.0247 0.9997
709.692 0 1705.76 1 1 0.002 -0.0247 0.9997
-393.46 0 1710.2 1 1 -0.9999 0.0149 0.0053
-389.218 828.385 1728.47 -108.905 -152.98 -0.9999 0.0149 0.0053
-389.218 828.385 193.67 -108.905 0.5 -0.9999 0.0149 0.0053
-393.46 0 1710.2 1 1 -0.9999 0.0149 0.0053
-389.218 828.385 193.67 -108.905 0.5 -0.9999 0.0149 0.0053
-409.746 0 194.525 1 1 -0.9999 0.0149 0.0053
-389.218 828.385 193.67 -108.905 0.5 -0.9999 0.0152 -0.0051
-389.218 828.385 -1351.8 -108.905 155.047 -0.9999 0.0152 -0.0051
-394.005 0 -1342.76 1 1 -0.9999 0.0152 -0.0051
-389.218 828.385 193.67 -108.905 0.5 -0.9999 0.0152 -0.0051
-394.005 0 -1342.76 1 1 -0.9999 0.0152 -0.0051
-409.746 0 194.525 1 1 -0.9999 0.0152 -0.0051
-389.218 828.385 -1351.8 -108.905 155.047 0.0015 -0.0128 -0.9999
704.832 828.385 -1351.8 0.5 155.046 0.0015 -0.0128 -0.9999
697.625 0 -1339.57 1 1 0.0015 -0.0128 -0.9999
-389.218 828.385 -1351.8 -108.905 155.047 0.0015 -0.0128 -0.9999
697.625 0 -1339.57 1 1 0.0015 -0.0128 -0.9999
-394.005 0 -1342.76 1 1 0.0015 -0.0128 -0.9999
704.832 828.385 -1351.8 0.5 155.046 -0.0027 -0.0111 -0.9999
1788.3 828.385 -1351.8 108.847 155.046 -0.0027 -0.0111 -0.9999
1742.72 0 -1345.41 1 1 -0.0027 -0.0111 -0.9999
704.832 828.385 -1351.8 0.5 155.046 -0.0027 -0.0111 -0.9999
1742.72 0 -1345.41 1 1 -0.0027 -0.0111 -0.9999
697.625 0 -1339.57 1 1 -0.0027 -0.0111 -0.9999
1743.21 0 184.562 1 1 0.9985 -0.0546 -0.0002
1742.72 0 -1345.41 1 1 0.9985 -0.0546 -0.0002
1788.3 828.385 -1351.8 108.847 155.046 0.9985 -0.0546 -0.0002
1743.21 0 184.562 1 1 0.9985 -0.0546 -0.0002
1788.3 828.385 -1351.8 108.847 155.046 0.9985 -0.0546 -0.0002
1788.3 828.385 193.67 108.847 0.5 0.9985 -0.0546 -0.0002
1788.3 828.385 193.67 108.847 0.5 0.9985 -0.0549 0.0003
1788.3 828.385 1728.47 108.847 -152.98 0.9985 -0.0549 0.0003
1742.26 0 1705.55 1 1 0.9985 -0.0549 0.0003
1788.3 828.385 193.67 108.847 0.5 0.9985 -0.0549 0.0003
1742.26 0 1705.55 1 1 0.9985 -0.0549 0.0003
1743.21 0 184.562 1 1 0.9985 -0.0549 0.0003
-393.46 0 1710.2 1 1 0 -1 -0
-409.746 0 194.525 1 1 0 -1 -0
693.425 0 204.997 1 1 0 -1 -0
-393.46 0 1710.2 1 1 0 -1 -0
693.425 0 204.997 1 1 0 -1 -0
709.692 0 1705.76 1 1 0 -1 -0
1743.21 0 184.562 1 1 0 -1 -0
693.425 0 204.997 1 1 0 -1 -0
697.625 0 -1339.57 1 1 0 -1 -0
1743.21 0 184.562 1 1 0 -1 -0
697.625 0 -1339.57 1 1 0 -1 -0
1742.72 0 -1345.41 1 1 0 -1 -0
-409.746 0 194.525 1 1 0 -1 -0
-394.005 0 -1342.76 1 1 0 -1 -0
697.625 0 -1339.57 1 1 0 -1 -0
-409.746 0 194.525 1 1 0 -1 -0
697.625 0 -1339.57 1 1 0 -1 -0
693.425 0 204.997 1 1 0 -1 -0
1742.26 0 1705.55 1 1 0 -1 -0
709.692 0 1705.76 1 1 0 -1 -0
693.425 0 204.997 1 1 0 -1 -0
1742.26 0 1705.55 1 1 0 -1 -0
693.425 0 204.997 1 1 0 -1 -0
1743.21 0 184.562 1 1 0 -1 -0
