Vertex Count: 72

Data:

0.974255 0 0.953727 1 1 0.0001 -0.0275 0.9996
1 0.463225 0.966544 108.847 -152.98 0.0001 -0.0275 0.9996
0.394135 0.463225 0.966544 0.5 -152.98 0.0001 -0.0275 0.9996
0.974255 0 0.953727 1 1 0.0001 -0.0275 0.9996
0.394135 0.463225 0.966544 0.5 -152.98 0.0001 -0.0275 0.9996
0.396853 0 0.953844 1 1 0.0001 -0.0275 0.9996
0.394135 0.463225 0.966544 0.5 -152.98 0.002 -0.0247 0.9997
-0.217647 0.463225 0.966544 -108.905 -152.98 0.002 -0.0247 0.9997
-0.220019 0 0.956327 1 1 0.002 -0.0247 0.9997
0.394135 0.463225 0.966544 0.5 -152.98 0.002 -0.0247 0.9997
-0.220019 0 0.956327 1 1 0.002 -0.0247 0.9997
0.396853 0 0.953844 1 1 0.002 -0.0247 0.9997
-0.220019 0 0.956327 1 1 -0.9999 0.0149 0.0053
-0.217647 0.463225 0.966544 -108.905 -152.98 -0.9999 0.0149 0.0053
-0.217647 0.463225 0.108298 -108.905 0.5 -0.9999 0.0149 0.0053
-0.220019 0 0.956327 1 1 -0.9999 0.0149 0.0053
-0.217647 0.463225 0.108298 -108.905 0.5 -0.9999 0.0149 0.0053
-0.229126 0 0.108776 1 1 -0.9999 0.0149 0.0053
-0.217647 0.463225 0.108298 -108.905 0.5 -0.9999 0.0152 -0.0051
-0.217647 0.463225 -0.755913 -108.905 155.047 -0.9999 0.0152 -0.0051
-0.220324 0 -0.750858 1 1 -0.9999 0.0152 -0.0051
-0.217647 0.463225 0.108298 -108.905 0.5 -0.9999 0.0152 -0.0051
-0.220324 0 -0.750858 1 1 -0.9999 0.0152 -0.0051
-0.229126 0 0.108776 1 1 -0.9999 0.0152 -0.0051
-0.217647 0.463225 -0.755913 -108.905 155.047 0.0015 -0.0128 -0.9999
0.394135 0.463225 -0.755913 0.5 155.046 0.0015 -0.0128 -0.9999
0.390105 0 -0.749075 1 1 0.0015 -0.0128 -0.9999
-0.217647 0.463225 -0.755913 -108.905 155.047 0.0015 -0.0128 -0.9999
0.390105 0 -0.749075 1 1 0.0015 -0.0128 -0.9999
-0.220324 0 -0.750858 1 1 0.0015 -0.0128 -0.9999
0.394135 0.463225 -0.755913 0.5 155.046 -0.0027 -0.0111 -0.9999
1 0.463225 -0.755913 108.847 155.046 -0.0027 -0.0111 -0.9999
0.974512 0 -0.75234 1 1 -0.0027 -0.0111 -0.9999
0.394135 0.463225 -0.755913 0.5 155.046 -0.0027 -0.0111 -0.9999
0.974512 0 -0.75234 1 1 -0.0027 -0.0111 -0.9999
0.390105 0 -0.749075 1 1 -0.0027 -0.0111 -0.9999
0.974786 0 0.103205 1 1 0.9985 -0.0546 -0.0002
0.974512 0 -0.75234 1 1 0.9985 -0.0546 -0.0002
1 0.463225 -0.755913 108.847 155.046 0.9985 -0.0546 -0.0002
0.974786 0 0.103205 1 1 0.9985 -0.0546 -0.0002
1 0.463225 -0.755913 108.847 155.046 0.9985 -0.0546 -0.0002
1 0.463225 0.108298 108.847 0.5 0.9985 -0.0546 -0.0002
1 0.463225 0.108298 108.847 0.5 0.9985 -0.0549 0.0003
1 0.463225 0.966544 108.847 -152.98 0.9985 -0.0549 0.0003
0.974255 0 0.953727 1 1 0.9985 -0.0549 0.0003
1 0.463225 0.108298 108.847 0.5 0.9985 -0.0549 0.0003
0.974255 0 0.953727 1 1 0.9985 -0.0549 0.0003
0.974786 0 0.103205 1 1 0.9985 -0.0549 0.0003
-0.220019 0 0.956327 1 1 0 -1 -0
-0.229126 0 0.108776 1 1 0 -1 -0
0.387756 0 0.114632 1 1 0 -1 -0
-0.220019 0 0.956327 1 1 0 -1 -0
0.387756 0 0.114632 1 1 0 -1 -0
0.396853 0 0.953844 1 1 0 -1 -0
0.974786 0 0.103205 1 1 0 -1 -0
0.387756 0 0.114632 1 1 0 -1 -0
0.390105 0 -0.749075 1 1 0 -1 -0
0.974786 0 0.103205 1 1 0 -1 -0
0.390105 0 -0.749075 1 1 0 -1 -0
0.974512 0 -0.75234 1 1 0 -1 -0
-0.229126 0 0.108776 1 1 0 -1 -0
-0.220324 0 -0.750858 1 1 0 -1 -0
0.390105 0 -0.749075 1 1 0 -1 -0
-0.229126 0 0.108776 1 1 0 -1 -0
0.390105 0 -0.749075 1 1 0 -1 -0
0.387756 0 0.114632 1 1 0 -1 -0
0.974255 0 0.953727 1 1 0 -1 -0
0.396853 0 0.953844 1 1 0 -1 -0
0.387756 0 0.114632 1 1 0 -1 -0
0.974255 0 0.953727 1 1 0 -1 -0
0.387756 0 0.114632 1 1 0 -1 -0
0.974786 0 0.103205 1 1 0 -1 -0
